    1    1   -10.00  -420.00    35.03024    33.16628    25.000     0.2323    -0.023176989     0.048400007    -0.025223024    -0.106735840     0.205577850     0.025262438   20  324.41   56.42   61.10   86.36   175.84    28.97  186.80  284.29   62.97   17.27   22.75   60.83   -40.99
    1    2   -10.00  -410.00    35.08321    33.25749    25.000     0.4317    -0.045582406     0.121100016    -0.075517625    -0.185048908     0.386596650     0.051876545   20  324.98   58.19   61.48   84.11   173.29    28.68  188.24  285.34   68.82   15.37   24.21   60.77   -49.77
    1    3   -10.00  -400.00    35.13618    33.34870    25.000     0.6659    -0.081347175     0.189300030    -0.107952788    -0.251187503     0.608860552     0.018348567   20  323.51   57.54   64.40   81.66   170.75    25.90  188.05  283.37   74.16   11.72   24.08   62.88   -41.41
    1    4   -10.00  -390.00    35.18915    33.43990    25.000     0.8342    -0.103050396     0.210700035    -0.107649595    -0.275365472     0.775727391    -0.034664631   20  322.66   56.46   67.77   80.78   170.04    22.53  187.84  281.53   77.57    8.87   22.38   65.75   -32.34
    1    5   -10.00  -380.00    35.24212    33.53111    25.000     0.9582    -0.093926832     0.196300030    -0.102373153    -0.275283694     0.908310890    -0.051905371   20  323.08   55.74   71.31   82.20   171.77    18.87  188.18  280.75   77.39    7.51   18.82   69.64   -26.88
    1    6   -10.00  -370.00    35.29509    33.62232    25.000     1.1014    -0.081419662     0.186300024    -0.104880393    -0.267723203     1.055746794    -0.103256509   20  323.24   55.63   74.32   81.55   171.22    15.85  188.70  280.24   83.00    5.00   17.16   72.08   -19.87
    1    7   -10.00  -360.00    35.34806    33.71353    25.000     1.0262    -0.039450537     0.175000027    -0.135549426    -0.221899614     0.993156672    -0.067576714   20  324.63   56.38   76.10   82.98   172.76    14.01  189.89  281.16   82.49    4.79   14.85   74.36   -23.61
    1    8   -10.00  -350.00    35.40103    33.80473    25.000     1.1265    -0.034740753     0.180700034    -0.145959288    -0.201247796     1.095449328    -0.112988412   20  324.64   56.37   78.24   81.71   171.53    11.88  190.21  280.82   90.80    2.41   14.24   75.54   -21.23
    1    9   -10.00  -340.00    35.45400    33.89594    25.000     1.2066    -0.039111685     0.243300036    -0.204188347    -0.225937143     1.168548584    -0.111243054   20  325.08   57.13   77.14   81.10   170.87    13.02  190.74  281.50   90.93    2.75   15.47   74.27   -27.77
    1   10   -10.00  -330.00    35.50697    33.98715    25.000     1.2182    -0.041098844     0.253300011    -0.212201089    -0.242737815     1.173838496    -0.124499641   20  324.97   57.38   76.25   80.25   169.96    13.96  190.78  281.61   91.65    2.77   16.73   73.03   -27.23
    1   11   -10.00  -320.00    35.55994    34.07836    25.000     1.1656    -0.036708307     0.208900034    -0.172191709    -0.245630741     1.123154521    -0.117082715   20  324.68   56.94   76.10   80.96   170.68    14.08  190.34  281.33   89.02    3.37   16.32   73.32   -22.34
    1   12   -10.00  -310.00    35.61292    34.16957    25.000     1.1193    -0.056714278     0.181100026    -0.124385685    -0.266578674     1.068291783    -0.144383878   20  323.57   56.39   74.66   79.85   169.47    15.59  189.42  280.60   88.65    3.58   18.16   71.47   -15.54
    1   13   -10.00  -300.00    35.66589    34.26077    25.000     0.9589    -0.046708893     0.204700023    -0.157991111    -0.249247864     0.912189841    -0.071192332   20  324.52   57.38   72.72   80.91   170.48    17.50  190.04  281.96   83.98    5.64   18.77   70.34   -26.88
    1   14   -10.00  -290.00    35.71886    34.35198    25.000     1.0093    -0.051186424     0.187700033    -0.136513621    -0.240561679     0.968957961    -0.078121267   20  324.26   56.55   74.47   81.81   171.50    15.70  189.66  281.21   83.43    5.09   16.86   72.34   -23.92
    1   15   -10.00  -280.00    35.77183    34.44319    25.000     1.1556    -0.092065975     0.205400035    -0.113334060    -0.284607649     1.100866318    -0.141297221   20  322.90   55.86   73.86   79.89   169.47    16.40  188.71  280.12   86.67    4.15   18.71   70.80   -18.25
    1   16   -10.00  -270.00    35.82480    34.53440    25.000     1.1707    -0.080454722     0.213100031    -0.132645309    -0.297004014     1.115090370    -0.124503501   20  323.36   56.23   73.45   80.45   170.03    16.79  189.02  280.65   85.05    4.82   18.59   70.75   -19.87
    1   17   -10.00  -260.00    35.87777    34.62560    25.000     1.0138    -0.038537603     0.185100034    -0.146562278    -0.249764919     0.976746082    -0.020014279   20  325.05   56.54   74.45   84.69   174.48    15.62  189.87  281.77   74.86    7.13   14.78   73.52   -28.11
    1   18   -10.00  -250.00    35.93074    34.71681    25.000     1.2073    -0.035977732     0.178900033    -0.142922312    -0.282921433     1.168041945    -0.038939856   20  324.81   56.09   75.52   85.06   174.89    14.53  189.65  281.29   74.48    6.65   13.75   74.67   -22.18
    1   19   -10.00  -240.00    35.98371    34.80802    25.000     1.3425    -0.041570079     0.223900035    -0.182329953    -0.260556996     1.308227777    -0.068043672   20  324.99   56.30   77.59   84.09   173.95    12.48  190.13  281.18   81.26    4.54   12.99   76.21   -25.10
    1   20   -10.00  -230.00    36.03668    34.89923    25.000     1.5521    -0.022896063     0.291500002    -0.268603802    -0.258954823     1.513699770    -0.112964548   20  325.66   57.12   78.77   82.68   172.54    11.33  191.08  281.72   89.57    2.73   13.17   76.54   -27.98
    1   21   -10.00  -220.00    36.08965    34.99043    25.000     1.8266    -0.010247483     0.361000001    -0.350752473    -0.324400574     1.777508259    -0.103857085   20  326.11   57.56   78.13   83.14   172.99    11.96  191.43  282.26   86.96    3.50   13.29   76.24   -30.02
    1   22   -10.00  -210.00    36.14262    35.08164    25.000     2.0935    -0.036076322     0.306500047    -0.270423830    -0.373107255     2.036008120    -0.214449316   20  324.85   56.53   78.49   81.84   171.67    11.63  190.41  280.99   91.13    2.33   13.98   75.82   -18.79
    1   23   -10.00  -200.00    36.19559    35.17285    25.000     2.3233    -0.088946238     0.365700066    -0.276753843    -0.415656775     2.257455349    -0.254979998   20  324.32   56.15   78.20   81.29   171.10    11.94  189.96  280.52   91.76    2.15   14.58   75.26   -20.09
    1   24   -10.00  -190.00    36.24856    35.26406    25.000     2.3718    -0.089522138     0.328300059    -0.238777995    -0.411454022     2.313544273    -0.234053776   20  324.20   55.73   78.83   82.33   172.19    11.27  189.68  280.26   89.52    2.44   13.37   76.40   -18.07
    1   25   -10.00  -180.00    36.30153    35.35526    25.000     2.3237    -0.113430038     0.300900072    -0.187470078    -0.406939805     2.258424997    -0.295552343   20  323.59   55.40   78.70   81.01   170.83    11.44  189.29  279.71   93.06    1.61   14.42   75.49   -14.52
    1   26   -10.00  -170.00    36.35450    35.44647    25.000     2.0332    -0.102854148     0.249300033    -0.146445990    -0.301751703     1.990087271    -0.236008465   20  323.63   55.02   80.34   81.90   171.78     9.76  189.21  279.45   94.34    1.09   12.61   77.34   -15.60
    1   27   -10.00  -160.00    36.40747    35.53768    25.000     1.6173    -0.084635742     0.226300031    -0.141664386    -0.243114337     1.587877750    -0.136586785   20  323.97   55.13   80.21   83.33   173.24     9.86  189.33  279.78   88.86    2.19   11.67   78.12   -20.36
    1   28   -10.00  -150.00    36.46044    35.62889    25.000     0.8532    -0.011704745     0.130799994    -0.119095266    -0.048661169     0.849573851     0.040545862   20  325.86  235.76   87.10   88.06  -178.06    -2.90  190.79  280.83   22.02    3.42    0.68   86.51   -29.22
    1   29   -10.00  -140.00    36.51341    35.72010    25.000     0.6716    -0.043814991     0.125100002    -0.081285030    -0.071741574     0.666247964     0.060157724   20  324.98  234.66   84.84   86.47  -176.46    -5.17  189.76  279.89   20.45    6.15    1.15   83.74   -36.52
    1   30   -10.00  -130.00    36.56638    35.81130    25.000     0.9199    -0.107596286     0.131899998    -0.024303734    -0.163836285     0.893827677    -0.105559573   20  321.84   53.58   78.20   81.69   171.51    11.93  187.41  278.03   87.96    2.43   14.29   75.50   -17.78
    1   31   -10.00  -120.00    36.61935    35.90251    25.000     1.0434    -0.130062774     0.144800037    -0.014737278    -0.216899842     0.993927538    -0.191355065   20  320.88   53.83   76.26   78.14   167.78    14.04  187.15  277.58   93.25    1.29   18.26   71.69    -9.43
    1   32   -10.00  -110.00    36.67233    35.99372    25.000     1.1533    -0.152955785     0.153000027    -0.000044286    -0.235232919     1.084450722    -0.274943054   20   53.77  320.19   75.45   76.47    13.99   165.02    7.10  276.84   99.02    0.70   20.07   69.92    -3.63
    1   33   -10.00  -100.00    36.72530    36.08493    25.000     1.2844    -0.173688248     0.173200026     0.000488222    -0.242267743     1.183513522    -0.400484324   20   54.08  319.73   71.43   77.28    13.43   160.94    7.66  276.02  107.21    3.99   22.39   67.22     1.40
    1   34   -10.00   -90.00    36.77827    36.17613    25.000     1.0226    -0.109719284     0.150000036    -0.040280849    -0.175074786     0.958587825    -0.280950397   20   54.80  321.07   72.93   78.02    12.54   162.54    8.55  277.23  107.64    3.48   20.75   68.93    -6.07
    1   35   -10.00   -80.00    36.83124    36.26734    25.000     0.9180    -0.057936937     0.171100006    -0.113163114    -0.037065301     0.865125120    -0.285795689   20   55.79  323.42   70.25   83.42     6.99   160.11   11.09  277.99  125.84    9.09   18.66   69.10   -25.24
    1   36   -10.00   -70.00    36.88421    36.35855    25.000     0.7864    -0.014909236     0.170699999    -0.155790806     0.034908406     0.737198472    -0.262440324   20   56.76  325.51   69.47   86.69     3.54   159.43   12.93  279.26  136.76   11.96   16.79   69.18   -39.29
    1   37   -10.00   -60.00    36.93718    36.44976    25.000     0.6911    -0.015123455     0.178700000    -0.163576573     0.047728203     0.648528516    -0.226761550   20   57.13  325.96   69.71   86.84     3.37   159.68   13.30  279.72  137.50   11.90   16.51   69.44   -47.64
    1   38   -10.00   -50.00    36.99015    36.54096    25.000     0.5605    -0.013427465     0.133800000    -0.120372534     0.015664039     0.532801032    -0.162180901   20   57.04  325.73   71.80   86.02     4.19   161.76   12.75  279.95  133.82    9.89   15.66   71.34   -41.37
    1   39   -10.00   -40.00    37.04312    36.63217    25.000     0.2014     0.004471698     0.067599997    -0.072071701     0.018777855     0.192550719    -0.047140356   20   59.25  329.16   76.82   89.63     0.38   166.82   14.97  283.44  147.60    9.01    9.54   76.82   -61.13
    1   40   -10.00   -30.00    37.09609    36.72338    25.000     0.2634    -0.043686453     0.072700001    -0.029013544    -0.047344826     0.256223381     0.055287573   20  232.57  323.53   80.39   84.34    -5.74  -170.34  188.32   97.79  353.60   10.82    2.77   78.82   -56.26
    1   41   -10.00   -20.00    37.14906    36.81459    25.000     0.5553    -0.123577736     0.149700001    -0.026122242    -0.108179584     0.519203961     0.184898913   20  230.29  320.59   70.28   89.15    -0.90  -160.28  187.18   93.72  322.97   14.42   13.19   70.26   -57.73
    1   42   -10.00   -10.00    37.20203    36.90579    25.000     0.8152    -0.178972691     0.135800004     0.043172717    -0.050285872     0.798455834     0.117250040   20  229.90  320.02   81.71   89.20    -0.81  -171.71  185.26   94.66  325.51    6.42    5.28   81.67   -32.38
    1   43   -10.00     0.00    37.25500    36.99700    25.000     0.9625    -0.223698050     0.227100000    -0.003401935    -0.095068097     0.943174660     0.148673773   20  230.41  320.70   81.53   88.03    -1.99  -171.52  185.85   95.26  333.71    7.38    4.58   81.30   -45.21
    1   44   -10.00    10.00    37.30797    37.08821    25.000     0.9559    -0.213832617     0.234799996    -0.020967394    -0.074820414     0.948209345     0.025807010   20  321.13  231.12   85.65   89.84  -179.84    -4.35  186.04  276.21   49.04    3.18    2.96   85.65   -44.16
    1   45   -10.00    20.00    37.36094    37.17942    25.000     0.8667    -0.213143200     0.304899991    -0.091756761    -0.086994499     0.859249413     0.008200154   20  321.88   52.28   82.61   86.87   176.85     7.40  186.89  277.28   75.07    3.00    7.44   81.97   -59.28
    1   46   -10.00    30.00    37.41391    37.27063    25.000     0.5388    -0.104721263     0.158500001    -0.053778753    -0.023970315     0.537590504     0.020258395   20  322.67  232.62   88.11   88.62  -178.62    -1.89  187.64  277.65   16.52    2.31    0.36   87.66   -51.64
    2    1    -5.00  -420.00    35.03024    33.16628    20.000     0.4183    -0.040627576     0.084000014    -0.043372452    -0.196465388     0.368247420     0.048922874   20  324.52   56.36   60.58   86.75   176.27    29.47  186.66  284.46   62.09   17.89   22.79   60.37   -41.11
    2    2    -5.00  -410.00    35.08321    33.25749    20.000     0.7949    -0.083130464     0.202800035    -0.119669616    -0.321507812     0.723664284     0.088969097   20  324.85   56.96   64.03   85.68   175.20    26.05  188.05  283.97   65.72   14.85   21.28   63.62   -47.38
    2    3    -5.00  -400.00    35.13618    33.34870    20.000     1.2254    -0.141445562     0.332200050    -0.190754592    -0.445048690     1.131498218     0.048568830   20  323.87   57.05   65.82   82.97   172.29    24.37  188.18  283.01   72.16   11.72   22.09   64.69   -42.12
    2    4    -5.00  -390.00    35.18915    33.43990    20.000     1.5606    -0.164879933     0.359500051    -0.194620013    -0.497533947     1.465154886    -0.031837285   20  323.31   56.16   69.13   82.59   172.07    21.05  188.12  281.52   74.68    9.25   20.07   67.74   -32.43
    2    5    -5.00  -380.00    35.24212    33.53111    20.000     1.8269    -0.160167769     0.361300051    -0.201132178    -0.498976797     1.742040992    -0.089625865   20  323.43   55.74   72.34   82.76   172.40    17.81  188.48  280.79   77.17    7.20   17.68   70.82   -26.99
    2    6    -5.00  -370.00    35.29509    33.62232    20.000     2.1030    -0.145838633     0.383500069    -0.237661421    -0.496454805     2.017479897    -0.197760046   20  323.55   56.01   74.53   81.19   170.86    15.66  189.09  280.53   84.65    4.61   17.27   72.08   -22.16
    2    7    -5.00  -360.00    35.34806    33.71353    20.000     2.1541    -0.103024922     0.385700047    -0.282674968    -0.447580844     2.078433275    -0.222020850   20  324.20   56.44   76.22   80.93   170.66    13.96  189.86  280.82   88.81    3.27   16.25   73.41   -22.37
    2    8    -5.00  -350.00    35.40103    33.80473    20.000     2.2280    -0.062733904     0.367100060    -0.304366112    -0.386013120     2.165890455    -0.239188120   20  324.74   56.54   78.46   81.27   171.08    11.68  190.40  280.90   92.83    1.96   14.41   75.45   -21.73
    2    9    -5.00  -340.00    35.45400    33.89594    20.000     2.2341    -0.042815942     0.421600074    -0.378784239    -0.397739261     2.170228720    -0.194080979   20  325.40   57.17   77.97   81.76   171.57    12.16  190.96  281.63   90.81    2.64   14.41   75.34   -26.63
    2   10    -5.00  -330.00    35.50697    33.98715    20.000     2.2787    -0.057794709     0.453100055    -0.395305276    -0.443966091     2.198921204    -0.232187167   20  325.14   57.41   76.69   80.52   170.25    13.49  190.90  281.68   91.88    2.65   16.21   73.56   -26.13
    2   11    -5.00  -320.00    35.55994    34.07836    20.000     2.1786    -0.063186072     0.387500048    -0.324313939    -0.460697353     2.096086264    -0.236841694   20  324.67   57.05   76.05   80.54   170.25    14.15  190.41  281.35   90.16    3.11   16.66   73.03   -21.39
    2   12    -5.00  -310.00    35.61292    34.16957    20.000     2.1389    -0.100768946     0.332500070    -0.231730998    -0.491568655     2.045919180    -0.283755779   20  323.62   56.33   75.23   79.85   169.50    15.01  189.49  280.51   89.64    3.19   17.75   71.95   -14.77
    2   13    -5.00  -300.00    35.66589    34.26077    20.000     1.8688    -0.091334365     0.333800048    -0.242465556    -0.474888980     1.785121202    -0.155827820   20  324.11   56.61   73.63   81.56   171.20    16.56  189.52  281.27   82.88    5.48   17.64   71.47   -21.39
    2   14    -5.00  -290.00    35.71886    34.35198    20.000     1.9544    -0.098186456     0.343000054    -0.244813442    -0.461101383     1.875866652    -0.175980806   20  324.06   56.41   74.71   81.47   171.16    15.47  189.55  280.98   84.60    4.68   16.94   72.39   -21.35
    2   15    -5.00  -280.00    35.77183    34.44319    20.000     2.0419    -0.133063570     0.324600071    -0.191536546    -0.477692842     1.955861330    -0.242540359   20  323.22   55.79   74.92   80.55   170.21    15.29  188.92  280.15   86.77    3.89   17.46   72.09   -16.45
    2   16    -5.00  -270.00    35.82480    34.53440    20.000     2.1031    -0.138102442     0.343500048    -0.205397606    -0.523949265     2.014126062    -0.187796339   20  323.43   55.77   74.10   81.84   171.51    16.07  188.81  280.46   82.00    5.36   17.10   72.03   -19.01
    2   17    -5.00  -260.00    35.87777    34.62560    20.000     2.0399    -0.096021555     0.347400069    -0.251378357    -0.487550765     1.967605233    -0.091252595   20  324.47   56.12   74.88   83.89   173.67    15.21  189.47  281.17   77.51    6.27   15.06   73.63   -24.46
    2   18    -5.00  -250.00    35.93074    34.71681    20.000     2.2914    -0.078830980     0.348600060    -0.269769073    -0.517817795     2.219954014    -0.094972566   20  324.68   56.04   75.92   84.59   174.43    14.14  189.63  281.13   76.54    6.05   13.81   74.88   -22.35
    2   19    -5.00  -240.00    35.98371    34.80802    20.000     2.5405    -0.063967131     0.430000067    -0.366033018    -0.468903691     2.478372097    -0.141635343   20  325.18   56.49   78.09   83.84   173.71    11.98  190.39  281.30   83.30    4.02   12.81   76.55   -25.47
    2   20    -5.00  -230.00    36.03668    34.89923    20.000     2.9339    -0.021781823     0.513999999    -0.492218256    -0.486373961     2.866166592    -0.184565514   20  325.79   57.05   79.10   83.49   173.37    10.97  191.09  281.76   87.38    3.07   12.35   77.26   -26.64
    2   21    -5.00  -220.00    36.08965    34.99043    20.000     3.4814    -0.024101762     0.657400012    -0.633298516    -0.626757383     3.390782833    -0.181456521   20  325.99   57.35   78.15   83.58   173.44    11.93  191.24  282.12   85.25    3.79   12.96   76.47   -28.88
    2   22    -5.00  -210.00    36.14262    35.08164    20.000     3.9673    -0.092350513     0.628400147    -0.536049247    -0.736757398     3.854508400    -0.371988505   20  324.85   56.57   77.92   82.00   171.82    12.20  190.36  281.08   89.32    2.85   14.26   75.45   -20.97
    2   23    -5.00  -200.00    36.19559    35.17285    20.000     4.3946    -0.164776832     0.651600122    -0.486823320    -0.785532296     4.273414612    -0.478081226   20  324.24   56.00   78.35   81.54   171.36    11.78  189.85  280.41   91.20    2.22   14.29   75.53   -18.69
    2   24    -5.00  -190.00    36.24856    35.26406    20.000     4.5009    -0.188691884     0.609700143    -0.421008110    -0.776154160     4.389165878    -0.471298099   20  324.01   55.58   78.89   82.09   171.94    11.22  189.53  280.07   90.32    2.23   13.51   76.30   -17.23
    2   25    -5.00  -180.00    36.30153    35.35526    20.000     4.3091    -0.214138299     0.572600126    -0.358461857    -0.774413466     4.186080933    -0.529298306   20  323.61   55.44   78.41   81.16   170.97    11.73  189.28  279.78   91.94    1.91   14.52   75.34   -15.13
    2   26    -5.00  -170.00    36.35450    35.44647    20.000     3.7966    -0.186945230     0.449200064    -0.262254953    -0.590683162     3.714643478    -0.421876490   20  323.62   55.00   80.01   82.21   172.09    10.08  189.14  279.49   92.33    1.53   12.62   77.28   -14.80
    2   27    -5.00  -160.00    36.40747    35.53768    20.000     2.9484    -0.112655655     0.380000055    -0.267344356    -0.396205217     2.902562141    -0.250324160   20  324.29   55.28   81.28   83.58   173.51     8.78  189.64  279.94   91.18    1.62   10.73   79.14   -19.11
    2   28    -5.00  -150.00    36.46044    35.62889    20.000     1.5966    -0.010853951     0.205699995    -0.194846034    -0.105831347     1.589577675     0.071081385   20  325.72  235.61   86.47   88.26  -178.25    -3.53  190.62  280.71   29.38    3.73    1.26   86.06   -25.03
    2   29    -5.00  -140.00    36.51341    35.72010    20.000     1.1746    -0.051843826     0.162300006    -0.110456169    -0.120894872     1.163133979     0.130479559   20  234.50  324.94   84.79   85.19    -4.83  -174.77  189.74   99.70    7.40    7.09    0.29   82.90   -29.11
    2   30    -5.00  -130.00    36.56638    35.81130    20.000     1.5548    -0.194371596     0.198000029    -0.003628373    -0.285736978     1.512873888    -0.147275105   20  321.53   52.97   78.20   83.13   172.98    11.89  186.85  277.66   82.59    3.44   13.25   76.29   -16.42
    2   31    -5.00  -120.00    36.61935    35.90251    20.000     1.9817    -0.262649685     0.262100071     0.000549555    -0.411564946     1.879050732    -0.401954770   20  320.43   53.57   76.30   77.33   166.95    14.05  186.89  277.13   94.83    0.70   18.82   71.17    -6.61
    2   32    -5.00  -110.00    36.67233    35.99372    20.000     2.1180    -0.276631981     0.286500067    -0.009868145    -0.437769800     1.990031719    -0.505904615   20   53.91  320.25   75.36   76.29    14.18   164.92    7.19  276.95   98.92    0.64   20.26   69.73    -3.75
    2   33    -5.00  -100.00    36.72530    36.08493    20.000     2.1032    -0.270519823     0.295600057    -0.025080323    -0.419019967     1.955275536    -0.586769283   20   54.27  320.12   73.08   76.63    13.99   162.59    7.65  276.68  103.71    2.42   21.68   68.17    -1.48
    2   34    -5.00   -90.00    36.77827    36.17613    20.000     1.8560    -0.189195052     0.303700000    -0.114504993    -0.318694800     1.747855902    -0.474373192   20   55.19  321.50   73.58   77.68    12.85   163.18    8.84  277.79  106.29    2.81   20.53   69.26   -10.32
    2   35    -5.00   -80.00    36.83124    36.26734    20.000     1.7083    -0.102560341     0.271400005    -0.168839574    -0.078434207     1.616035223    -0.520010829   20   55.40  323.31   71.05   83.93     6.42   160.94   10.74  277.87  126.29    8.91   17.72   70.03   -20.73
    2   36    -5.00   -70.00    36.88421    36.35855    20.000     1.4801    -0.031750854     0.296499997    -0.264749110     0.073545456     1.388929367    -0.496440709   20   56.33  325.35   69.65   87.35     2.83   159.62   12.62  278.99  138.25   12.31   16.18   69.46   -37.40
    2   37    -5.00   -60.00    36.93718    36.44976    20.000     1.2274    -0.017117199     0.280999988    -0.263882786     0.097346231     1.152221084    -0.408049136   20   56.72  326.07   70.10   88.20     1.91   160.09   13.13  279.63  141.12   12.62   15.24   70.01   -44.71
    2   38    -5.00   -50.00    36.99015    36.54096    20.000     0.9395    -0.013818321     0.207499996    -0.193681598     0.057877548     0.892733872    -0.279993594   20   56.68  326.09   72.17   88.18     1.91   162.16   12.77  279.98  140.46   11.19   13.82   72.07   -42.03
    2   39    -5.00   -40.00    37.04312    36.63217    20.000     0.3643     0.016869368     0.102399997    -0.119269356     0.041861068     0.347754955    -0.088014625   20   58.99  149.47   77.75   87.78    -2.27  -167.74   14.87  283.60  159.59   10.22    7.05   77.54   -55.15
    2   40    -5.00   -30.00    37.09609    36.72338    20.000     0.5685    -0.084889337     0.107799999    -0.022910655    -0.077863850     0.558456540     0.086607829   20  232.03  322.72   82.71   84.69    -5.35  -172.68  187.49   97.27  358.45    8.93    1.40   80.96   -39.85
    2   41    -5.00   -20.00    37.14906    36.81459    20.000     1.0615    -0.231125802     0.233600006    -0.002474129    -0.146983951     1.019783139     0.261298567   20  230.23  320.71   76.01   88.06    -2.00  -166.00  186.32   94.63  328.43   11.23    8.45   75.87   -45.95
    2   42    -5.00   -10.00    37.20203    36.90579    20.000     1.5653    -0.335726142     0.263000011     0.072726071    -0.107505836     1.524610400     0.282800376   20  230.01  320.10   79.46   89.55    -0.46  -169.46  185.54   94.57  322.50    7.75    7.11   79.45   -33.02
    2   43    -5.00     0.00    37.25500    36.99700    20.000     1.8744    -0.421023130     0.361699998     0.059323072    -0.184518009     1.831996799     0.294872552   20  229.99  320.35   81.32   87.65    -2.38  -171.32  185.48   94.86  335.38    7.80    4.45   81.01   -38.53
    2   44    -5.00    10.00    37.30797    37.08821    20.000     1.8834    -0.412253022     0.367399991     0.044852912    -0.180805147     1.860955000     0.033218771   20  320.52   50.55   84.48   89.72   179.72     5.52  185.41  275.67   53.47    3.70    4.10   84.47   -35.84
    2   45    -5.00    20.00    37.36094    37.17942    20.000     1.6455    -0.345442414     0.372099996    -0.026657701    -0.112877838     1.633861899     0.016128078   20  321.22   51.26   85.88   89.35   179.35     4.12  186.17  276.31   60.17    2.46    3.37   85.83   -40.66
    2   46    -5.00    30.00    37.41391    37.27063    20.000     1.0145    -0.181103885     0.236200005    -0.055096090    -0.055429369     1.011013269     0.018640570   20  322.23  232.23   86.93   89.93  -179.93    -3.07  187.19  277.27   50.87    2.22    2.12   86.93   -41.89
    3    1     0.00  -420.00    35.03024    33.16628    15.000     0.5564    -0.053497981     0.131400034    -0.077902049    -0.248763040     0.495102704     0.068131112   20  324.94   57.24   61.39   85.79   175.21    28.69  187.59  284.88   64.87   16.66   22.98   61.03   -45.40
    3    2     0.00  -410.00    35.08321    33.25749    15.000     1.0887    -0.110282198     0.276700050    -0.166417807    -0.408868849     1.004171014     0.094963446   20  324.71   56.79   65.86   85.37   174.93    24.22  188.32  283.37   66.95   13.42   20.25   65.37   -45.16
    3    3     0.00  -400.00    35.13618    33.34870    15.000     1.6073    -0.163421124     0.411900073    -0.248479068    -0.536044657     1.505264997     0.060788721   20  324.27   56.69   68.17   84.00   173.54    21.96  188.59  282.54   71.21   10.90   19.68   67.28   -41.27
    3    4     0.00  -390.00    35.18915    33.43990    15.000     2.1530    -0.207466513     0.504299998    -0.296833456    -0.644031405     2.034850597    -0.050243556   20  323.68   56.38   70.26   82.52   172.05    19.92  188.61  281.59   76.15    8.44   19.32   68.78   -33.37
    3    5     0.00  -380.00    35.24212    33.53111    15.000     2.5435    -0.206666499     0.536499977    -0.329833388    -0.674659610     2.428121090    -0.128977597   20  323.76   56.19   72.58   82.31   171.94    17.59  188.94  281.11   79.09    6.72   17.84   70.85   -28.93
    3    6     0.00  -370.00    35.29509    33.62232    15.000     2.8200    -0.168596298     0.554899991    -0.386303663    -0.658268452     2.710446358    -0.212578505   20  324.15   56.46   74.58   81.71   171.40    15.59  189.58  281.09   83.77    4.94   16.86   72.39   -26.03
    3    7     0.00  -360.00    35.34806    33.71353    15.000     3.0307    -0.125068933     0.525699973    -0.400631070    -0.604291022     2.930137634    -0.316070914   20  324.36   56.48   76.80   81.05   170.81    13.36  190.02  280.85   89.69    2.95   15.75   73.96   -21.87
    3    8     0.00  -350.00    35.40103    33.80473    15.000     3.1023    -0.070654415     0.493100047    -0.422445536    -0.531044662     3.018647671    -0.325159967   20  324.85   56.56   78.69   81.53   171.36    11.44  190.47  280.96   92.63    1.98   14.06   75.80   -21.07
    3    9     0.00  -340.00    35.45400    33.89594    15.000     3.0449    -0.030091070     0.516799986    -0.486708760    -0.522617161     2.964126110    -0.267625362   20  325.47   57.05   78.64   82.16   172.00    11.47  190.97  281.56   90.96    2.46   13.63   76.14   -23.87
    3   10     0.00  -330.00    35.50697    33.98715    15.000     3.0958    -0.054033782     0.583999991    -0.529966235    -0.603622556     2.990711451    -0.299498916   20  325.30   57.41   76.91   81.01   170.77    13.25  190.97  281.77   90.97    2.84   15.70   74.03   -24.94
    3   11     0.00  -320.00    35.55994    34.07836    15.000     3.0163    -0.088590175     0.526499987    -0.437909722    -0.647851944     2.897538662    -0.347955912   20  324.56   57.04   75.88   80.25   169.94    14.33  190.36  281.28   90.59    3.02   16.99   72.73   -20.12
    3   12     0.00  -310.00    35.61292    34.16957    15.000     2.8911    -0.125105888     0.448800057    -0.323694110    -0.667069077     2.769639492    -0.350928009   20  323.82   56.37   75.22   80.41   170.08    14.99  189.56  280.68   88.27    3.58   17.35   72.26   -15.68
    3   13     0.00  -300.00    35.66589    34.26077    15.000     2.6253    -0.119254142     0.423500061    -0.304245889    -0.657594562     2.513554811    -0.222709328   20  324.03   56.33   74.11   81.99   171.66    16.05  189.37  281.05   82.18    5.45   16.99   72.11   -18.86
    3   14     0.00  -290.00    35.71886    34.35198    15.000     2.6922    -0.135862023     0.436000049    -0.300137997    -0.650348425     2.580059290    -0.262583911   20  323.82   56.21   74.56   81.42   171.10    15.62  189.32  280.78   84.29    4.75   17.08   72.23   -18.30
    3   15     0.00  -280.00    35.77183    34.44319    15.000     2.7556    -0.159607679     0.388500065    -0.228892326    -0.632727265     2.649217129    -0.304681301   20  323.32   55.56   75.48   81.42   171.13    14.69  188.86  280.07   85.22    4.11   16.43   73.04   -14.61
    3   16     0.00  -270.00    35.82480    34.53440    15.000     2.8751    -0.187530071     0.442000061    -0.254469991    -0.686089218     2.759292364    -0.289149702   20  323.29   55.59   74.80   81.59   171.29    15.37  188.76  280.18   83.60    4.71   16.78   72.53   -17.06
    3   17     0.00  -260.00    35.87777    34.62560    15.000     2.9511    -0.157500535     0.471900046    -0.314399481    -0.702239335     2.846089840    -0.171361297   20  324.06   55.80   74.99   83.53   173.30    15.11  189.14  280.77   78.45    5.94   15.24   73.59   -21.81
    3   18     0.00  -250.00    35.93074    34.71681    15.000     3.0706    -0.098656923     0.476200074    -0.377543092    -0.674102426     2.980359316    -0.110347062   20  324.84   56.10   76.31   84.86   174.71    13.75  189.78  281.20   76.20    5.97   13.33   75.34   -23.47
    3   19     0.00  -240.00    35.98371    34.80802    15.000     3.4311    -0.043453243     0.542100012    -0.498646617    -0.594473422     3.355616808    -0.182786524   20  325.46   56.58   78.93   84.30   174.19    11.12  190.63  281.42   83.37    3.76   11.88   77.52   -24.22
    3   20     0.00  -230.00    36.03668    34.89923    15.000     4.0244    -0.012390881     0.684400022    -0.672009349    -0.658403158     3.933222771    -0.253765285   20  325.86   57.07   79.30   83.59   173.48    10.77  191.15  281.79   87.46    3.00   12.13   77.49   -25.88
    3   21     0.00  -220.00    36.08965    34.99043    15.000     4.7936    -0.056240596     0.867600143    -0.811359882    -0.854079127     4.670355797    -0.302941740   20  325.69   57.11   78.27   83.19   173.05    11.81  191.01  281.81   86.64    3.44   13.15   76.39   -27.01
    3   22     0.00  -210.00    36.14262    35.08164    15.000     5.4718    -0.152674958     0.931500137    -0.778825521    -1.024447083     5.313454151    -0.494730473   20  324.87   56.64   77.67   81.92   171.73    12.46  190.38  281.15   89.10    2.96   14.50   75.19   -23.04
    3   23     0.00  -200.00    36.19559    35.17285    15.000     6.0044    -0.232412621     0.905300140    -0.672887564    -1.088910460     5.835412979    -0.649127007   20  324.23   56.02   78.16   81.51   171.32    11.97  189.83  280.43   90.88    2.33   14.45   75.36   -19.00
    3   24     0.00  -190.00    36.24856    35.26406    15.000     6.1637    -0.282183230     0.868200123    -0.586016417    -1.082740545     5.998112679    -0.698478997   20  323.90   55.62   78.58   81.51   171.34    11.55  189.51  280.03   91.48    2.04   14.15   75.70   -17.35
    3   25     0.00  -180.00    36.30153    35.35526    15.000     5.9059    -0.304161370     0.794900119    -0.490738630    -1.061042309     5.738121510    -0.717951775   20  323.58   55.41   78.39   81.20   171.01    11.75  189.25  279.76   91.74    1.96   14.51   75.35   -15.52
    3   26     0.00  -170.00    36.35450    35.44647    15.000     5.1576    -0.241390735     0.592900097    -0.351509094    -0.812940240     5.047086239    -0.556806505   20  323.66   55.01   79.96   82.42   172.30    10.13  189.15  279.53   91.44    1.72   12.51   77.37   -14.32
    3   27     0.00  -160.00    36.40747    35.53768    15.000     3.9222    -0.117954396     0.468200058    -0.350245357    -0.497608721     3.868845940    -0.306190163   20  324.46   55.30   81.87   84.15   174.09     8.17  189.74  280.02   90.65    1.60    9.91   79.96   -18.12
    3   28     0.00  -150.00    36.46044    35.62889    15.000     2.2706    -0.014453180     0.267100006    -0.252646744    -0.178971931     2.260173559     0.058709510   20  325.55  235.50   85.54   89.44  -179.43    -4.46  190.44  280.61   48.31    3.55    2.75   85.51   -22.69
    3   29     0.00  -140.00    36.51341    35.72010    15.000     1.7219    -0.082763262     0.228800029    -0.146036625    -0.195279583     1.709652543     0.090705648   20  324.65  234.47   83.81   88.33  -178.32    -6.19  189.41  279.72   39.46    5.56    3.19   83.59   -26.48
    3   30     0.00  -130.00    36.56638    35.81130    15.000     2.1499    -0.276430219     0.288600057    -0.012169659    -0.403125703     2.086174011    -0.230586946   20  321.40   53.07   77.81   82.31   172.13    12.31  186.86  277.65   84.60    3.14   14.12   75.52   -16.44
    3   31     0.00  -120.00    36.61935    35.90251    15.000     2.7400    -0.382521063     0.324400067     0.058120966    -0.536934614     2.591241360    -0.615682781   20   53.15  319.99   76.50   77.09    13.28   166.14    6.63  276.49   97.83    0.41   18.85   71.15    -3.32
    3   32     0.00  -110.00    36.67233    35.99372    15.000     2.8247    -0.379197150     0.385900050    -0.006703019    -0.587749004     2.649470806    -0.684942305   20   53.85  320.12   75.17   76.18    14.31   164.72    7.11  276.85   98.95    0.69   20.49   69.50    -3.47
    3   33     0.00  -100.00    36.72530    36.08493    15.000     2.5837    -0.317576319     0.379200071    -0.061623693    -0.547670662     2.416736603    -0.642368853   20   54.47  320.48   74.55   75.87    14.68   164.05    7.64  277.29   99.97    0.90   21.16   68.81    -4.10
    3   34     0.00   -90.00    36.77827    36.17613    15.000     2.4858    -0.244513646     0.388800055    -0.144286156    -0.396166235     2.338256359    -0.670491993   20   55.13  321.54   72.94   78.45    12.09   162.57    9.00  277.59  109.01    3.78   20.43   69.19    -9.38
    3   35     0.00   -80.00    36.83124    36.26734    15.000     2.3351    -0.137438774     0.354200006    -0.216761351    -0.102993764     2.204344273    -0.728367686   20   55.31  323.26   70.71   84.15     6.20   160.60   10.74  277.72  127.11    9.30   17.80   69.77   -19.54
    3   36     0.00   -70.00    36.88421    36.35855    15.000     2.0433    -0.054891881     0.346899986    -0.292008162     0.109611675     1.914277911    -0.704717159   20   55.61  324.91   69.38   88.14     1.98   159.36   12.12  278.36  140.00   13.07   15.78   69.28   -33.18
    3   37     0.00   -60.00    36.93718    36.44976    15.000     1.5639    -0.004223518     0.291900009    -0.287676513     0.165487111     1.471149206    -0.518247366   20   56.07  146.34   71.18   89.21    -0.84  -161.18   12.78  279.64  148.66   13.76   12.61   71.16   -41.55
    3   38     0.00   -50.00    36.99015    36.54096    15.000     1.0468     0.014692789     0.212500006    -0.227192789     0.127433732     0.995338678    -0.305560559   20   56.73  147.39   74.32   87.64    -2.46  -164.30   13.13  281.01  155.74   12.73    9.32   74.13   -45.04
    3   39     0.00   -40.00    37.04312    36.63217    15.000     0.4960     0.019824000     0.131300002    -0.151123971     0.063731410     0.472172678    -0.129367352   20   58.46  149.11   76.85   87.21    -2.87  -166.83   14.52  283.07  160.88   11.27    7.26   76.54   -54.02
    3   40     0.00   -30.00    37.09609    36.72338    15.000     0.7054    -0.095282145     0.126300007    -0.031017959    -0.101379097     0.684944272     0.154618651   20  232.05  322.93   78.51   85.68    -4.41  -168.47  187.99   97.00  343.22   11.20    5.02   77.70   -40.35
    3   41     0.00   -20.00    37.14906    36.81459    15.000     1.4498    -0.289693296     0.247500002     0.042193294    -0.154390618     1.395785332     0.344675660   20  230.20  320.53   76.28   88.64    -1.40  -166.27  186.19   94.55  326.10   10.64    8.68   76.21   -36.19
    3   42     0.00   -10.00    37.20203    36.90579    15.000     2.1763    -0.455642939     0.328799993     0.126843154    -0.201818094     2.117645741     0.388280660   20  229.79  320.16   79.90   87.91    -2.13  -169.89  185.41   94.55  331.74    8.62    5.64   79.68   -31.71
    3   43     0.00     0.00    37.25500    36.99700    15.000     2.6398    -0.571090102     0.388599992     0.182489991    -0.237118423     2.587717295     0.316896468   20  229.65  320.00   83.48   86.91    -3.11  -173.47  184.97   94.68  345.25    6.80    2.41   82.78   -30.20
    3   44     0.00    10.00    37.30797    37.08821    15.000     2.6772    -0.581855297     0.423999995     0.157855511    -0.212128386     2.643069267     0.085889250   20  320.08  229.99   85.87   88.85  -178.85    -4.13  184.97  275.10   34.44    3.73    2.10   85.71   -30.08
    3   45     0.00    20.00    37.36094    37.17942    15.000     2.2651    -0.456036687     0.428000003     0.028036594    -0.157687843     2.246771336     0.044110972   20  320.95  230.94   86.14   89.77  -179.77    -3.86  185.88  276.01   47.59    2.89    2.57   86.13   -34.83
    3   46     0.00    30.00    37.41391    37.27063    15.000     1.3346    -0.217613995     0.314300001    -0.096685886    -0.076324128     1.331009865     0.033945099   20  322.73  232.70   86.91   89.57  -179.57    -3.09  187.67  277.75   44.73    2.49    1.88   86.88   -42.44
    4    1     5.00  -420.00    35.03024    33.16628    10.000     0.6376    -0.054683428     0.180900022    -0.126216590    -0.251541018     0.581145823     0.081150413   20  325.84   58.27   63.97   85.03   174.47    26.13  189.22  285.13   68.28   14.42   21.81   63.43   -51.68
    4    2     5.00  -410.00    35.08321    33.25749    10.000     1.2827    -0.114166997     0.329900056    -0.215732902    -0.444337010     1.197029591     0.097865298   20  325.06   56.97   67.68   85.35   174.97    22.40  188.95  283.22   68.10   12.20   19.02   67.14   -44.89
    4    3     5.00  -400.00    35.13618    33.34870    10.000     1.8701    -0.163061529     0.465300053    -0.302238524    -0.570481956     1.770509005     0.060345829   20  324.67   56.66   70.15   84.50   174.15    19.94  189.10  282.35   71.46    9.92   17.93   69.34   -40.60
    4    4     5.00  -390.00    35.18915    33.43990    10.000     2.5334    -0.220502168     0.614200115    -0.393697739    -0.703693748     2.409383774    -0.066351235   20  324.10   56.69   71.41   82.35   171.92    18.77  189.17  281.73   78.09    7.54   18.64   69.79   -35.02
    4    5     5.00  -380.00    35.24212    33.53111    10.000     2.9930    -0.224319726     0.640900135    -0.416580319    -0.771419406     2.863190174    -0.148168921   20  324.02   56.39   72.99   82.32   171.97    17.17  189.22  281.27   79.78    6.45   17.54   71.24   -29.79
    4    6     5.00  -370.00    35.29509    33.62232    10.000     3.3162    -0.185221821     0.668200135    -0.482978344    -0.775896668     3.190142632    -0.210304052   20  324.42   56.60   74.56   82.17   171.87    15.59  189.75  281.33   82.62    5.28   16.54   72.59   -27.72
    4    7     5.00  -360.00    35.34806    33.71353    10.000     3.5668    -0.125167280     0.610700130    -0.485532761    -0.708007097     3.454295158    -0.332927525   20  324.60   56.54   76.97   81.67   171.44    13.18  190.14  281.03   88.31    3.27   15.19   74.45   -22.40
    4    8     5.00  -350.00    35.40103    33.80473    10.000     3.8139    -0.091748029     0.588199973    -0.496452093    -0.661133885     3.706435919    -0.432247311   20  324.70   56.50   78.59   81.15   170.97    11.55  190.38  280.83   93.47    1.78   14.40   75.48   -19.60
    4    9     5.00  -340.00    35.45400    33.89594    10.000     3.6049    -0.019622354     0.582799971    -0.563177586    -0.619046211     3.512182474    -0.302013338   20  325.52   57.01   78.78   82.54   172.39    11.31  190.97  281.59   90.00    2.62   13.26   76.47   -22.83
    4   10     5.00  -330.00    35.50697    33.98715    10.000     3.6520    -0.055973087     0.683100104    -0.627126932    -0.725345194     3.528285027    -0.329230309   20  325.38   57.43   76.77   81.35   171.11    13.38  190.97  281.86   89.73    3.18   15.56   74.11   -24.97
    4   11     5.00  -320.00    35.55994    34.07836    10.000     3.6234    -0.116398968     0.616500139    -0.500101089    -0.799787879     3.475014687    -0.432372332   20  324.37   56.93   75.60   80.12   169.80    14.63  190.19  281.16   90.25    3.13   17.29   72.41   -18.73
    4   12     5.00  -310.00    35.61292    34.16957    10.000     3.4294    -0.151805788     0.541600108    -0.389793992    -0.796245098     3.285999537    -0.399594784   20  323.85   56.38   75.11   80.58   170.25    15.10  189.55  280.73   87.61    3.78   17.30   72.26   -16.45
    4   13     5.00  -300.00    35.66589    34.26077    10.000     3.1660    -0.147627741     0.504400134    -0.356772304    -0.791284025     3.031696320    -0.273164898   20  323.96   56.25   74.16   81.98   171.66    16.00  189.31  280.97   82.20    5.41   16.96   72.15   -18.47
    4   14     5.00  -290.00    35.71886    34.35198    10.000     3.1563    -0.159270555     0.481500059    -0.322229505    -0.772939265     3.024456024    -0.306270212   20  323.71   56.03   74.51   81.68   171.36    15.66  189.14  280.66   83.33    4.97   16.93   72.31   -16.73
    4   15     5.00  -280.00    35.77183    34.44319    10.000     3.2718    -0.184539825     0.447300047    -0.262760162    -0.743710399     3.146117926    -0.376454532   20  323.30   55.54   75.66   81.29   171.01    14.51  188.86  280.01   85.87    3.90   16.39   73.13   -13.66
    4   16     5.00  -270.00    35.82480    34.53440    10.000     3.5328    -0.246502310     0.549500108    -0.302997708    -0.832745910     3.385686398    -0.405089617   20  323.08   55.56   74.87   80.87   170.54    15.32  188.70  279.99   85.63    4.15   17.26   72.22   -16.23
    4   17     5.00  -260.00    35.87777    34.62560    10.000     3.6175    -0.208010703     0.549100101    -0.341089129    -0.846923828     3.489184380    -0.260428190   20  323.75   55.58   75.24   83.09   172.85    14.87  188.93  280.44   79.96    5.45   15.38   73.63   -19.53
    4   18     5.00  -250.00    35.93074    34.71681    10.000     3.6288    -0.105595030     0.559800148    -0.454204679    -0.770367265     3.527722359    -0.134471416   20  324.93   56.14   76.75   84.89   174.75    13.31  189.89  281.21   76.78    5.69   13.01   75.76   -23.48
    4   19     5.00  -240.00    35.98371    34.80802    10.000     4.0702    -0.011102110     0.592600107    -0.581497788    -0.687586784     3.984443188    -0.216864079   20  325.60   56.63   79.34   84.56   174.46    10.71  190.75  281.49   83.26    3.65   11.41   78.00   -22.32
    4   20     5.00  -230.00    36.03668    34.89923    10.000     4.8259    -0.009507691     0.822800100    -0.813292623    -0.799392581     4.713906288    -0.305591851   20  325.88   57.13   79.17   83.54   173.42    10.90  191.18  281.84   87.43    3.05   12.26   77.35   -25.85
    4   21     5.00  -220.00    36.08965    34.99043    10.000     5.7133    -0.079335019     1.031000018    -0.951665401    -1.012148023     5.562742710    -0.415534556   20  325.56   57.08   78.26   82.71   172.55    11.84  190.96  281.70   88.29    3.10   13.51   76.12   -26.34
    4   22     5.00  -210.00    36.14262    35.08164    10.000     6.5501    -0.198375762     1.157699943    -0.959324121    -1.241109371     6.356112957    -0.583170056   20  324.87   56.70   77.44   81.83   171.63    12.69  190.40  281.20   88.96    3.05   14.72   74.95   -24.05
    4   23     5.00  -200.00    36.19559    35.17285    10.000     7.1622    -0.305012047     1.143300056    -0.838288307    -1.351479650     6.944640160    -0.783568859   20  324.18   56.13   77.60   81.20   170.99    12.55  189.83  280.50   90.62    2.50   15.07   74.71   -19.93
    4   24     5.00  -190.00    36.24856    35.26406    10.000     7.3372    -0.367813170     1.059700012    -0.691887140    -1.340094686     7.120946407    -0.883927584   20  323.73   55.64   78.09   81.02   170.82    12.06  189.43  279.97   91.78    2.04   14.85   75.00   -17.03
    4   25     5.00  -180.00    36.30153    35.35526    10.000     7.0243    -0.364326537     0.939600110    -0.575273275    -1.240337849     6.828714371    -0.859250188   20  323.57   55.37   78.57   81.19   171.01    11.57  189.24  279.71   92.16    1.83   14.38   75.49   -15.51
    4   26     5.00  -170.00    36.35450    35.44647    10.000     6.0643    -0.258085757     0.668600142    -0.410514355    -0.970610857     5.936294556    -0.625808239   20  323.74   55.04   79.90   82.74   172.62    10.18  189.18  279.61   90.19    1.98   12.32   77.52   -13.69
    4   27     5.00  -160.00    36.40747    35.53768    10.000     4.5448    -0.113024734     0.509400010    -0.396375656    -0.565387547     4.486673355    -0.338402927   20  324.54   55.31   82.11   84.47   174.41     7.92  189.79  280.06   90.02    1.65    9.51   80.35   -17.11
    4   28     5.00  -150.00    36.46044    35.62889    10.000     2.6834     0.004952541     0.280800015    -0.285752892    -0.202184245     2.671572685     0.061977457   20  325.59  235.55   85.73   89.48  -179.47    -4.27  190.49  280.65   48.56    3.39    2.65   85.70   -20.30
    4   29     5.00  -140.00    36.51341    35.72010    10.000     2.3814    -0.151850715     0.313499987    -0.161649108    -0.307215154     2.359548330    -0.034268185   20  323.94   54.27   82.14   87.67   177.65     7.86  188.86  279.35   70.66    3.90    7.20   81.80   -23.41
    4   30     5.00  -130.00    36.56638    35.81130    10.000     2.7642    -0.361601740     0.401000053    -0.039398432    -0.506780446     2.668839216    -0.391119123   20  321.23   53.38   77.66   80.26   170.03    12.52  187.06  277.57   90.68    1.80   15.71   74.19   -15.74
    4   31     5.00  -120.00    36.61935    35.90251    10.000     3.1260    -0.455207139     0.376100063     0.079107046    -0.625034809     2.968060970    -0.632142246   20  319.97   52.89   76.84   77.69   167.35    13.48  186.34  276.53   94.56    0.59   18.17   71.82    -5.36
    4   32     5.00  -110.00    36.67233    35.99372    10.000     3.2799    -0.452297360     0.464900047    -0.012602568    -0.711668968     3.072281599    -0.778094351   20   53.87  320.03   75.38   75.60    14.90   164.89    6.98  276.92   97.37    0.15   20.76   69.24    -3.94
    4   33     5.00  -100.00    36.72530    36.08493    10.000     2.9627    -0.354802996     0.442100048    -0.087297201    -0.651725531     2.774302244    -0.704095781   20   54.61  320.63   75.07   75.42    15.10   164.56    7.66  277.57   98.29    0.24   21.11   68.89    -4.79
    4   34     5.00   -90.00    36.77827    36.17613    10.000     2.8932    -0.266893178     0.425100058    -0.158206940    -0.424550444     2.720508575    -0.814019442   20   55.09  321.66   72.45   79.30    11.23   162.12    9.19  277.46  111.74    4.71   20.15   69.26    -8.43
    4   35     5.00   -80.00    36.83124    36.26734    10.000     2.7727    -0.171393156     0.401100010    -0.229706764    -0.122443892     2.609792233    -0.889881551   20   55.13  323.06   70.26   84.24     6.12   160.15   10.63  277.45  127.52    9.66   18.05   69.36   -18.03
    4   36     5.00   -70.00    36.88421    36.35855    10.000     2.4253    -0.079903595     0.381999999    -0.302096486     0.105145261     2.278971434    -0.820258319   20   55.32  324.59   69.77   88.01     2.12   159.75   11.74  278.13  139.22   12.71   15.61   69.66   -30.15
    4   37     5.00   -60.00    36.93718    36.44976    10.000     1.7855    -0.006464234     0.300000012    -0.293535769     0.199721739     1.682397366    -0.586135447   20   55.68  146.21   71.58   88.42    -1.67  -161.58   12.46  279.47  150.95   14.06   11.76   71.51   -39.39
    4   38     5.00   -50.00    36.99015    36.54096    10.000     1.0300     0.043233968     0.170599967    -0.213833898     0.190652683     0.972622752    -0.301060259   20   56.65  148.40   76.15   82.94    -7.27  -166.05   13.17  281.92  174.72   14.84    4.72   74.39   -44.73
    4   39     5.00   -40.00    37.04312    36.63217    10.000     0.4391     0.043705974     0.090399988    -0.134105980     0.118154198     0.405626237    -0.118599869   20  151.45   59.45   76.09   81.98  -171.74   -14.05   14.86  106.00  210.31   15.58    4.09   73.86   -53.49
    4   40     5.00   -30.00    37.09609    36.72338    10.000     0.7741    -0.110769279     0.143000007    -0.032230735    -0.122195527     0.738300085     0.221410304   20  231.63  322.55   74.22   86.73    -3.39  -164.19  188.16   96.05  333.92   13.45    8.75   73.87   -43.49
    4   41     5.00   -20.00    37.14906    36.81459    10.000     1.7151    -0.334571660     0.288500011     0.046071827    -0.211791128     1.642002583     0.441755414   20  230.15  320.65   75.22   88.09    -1.97  -165.21  186.36   94.46  327.83   11.77    9.03   75.09   -37.29
    4   42     5.00   -10.00    37.20203    36.90579    10.000     2.6184    -0.549071908     0.405200005     0.143871903    -0.303425610     2.544890165     0.467047095   20  229.73  320.31   80.17   86.64    -3.41  -170.16  185.40   94.65  339.00    9.33    4.54   79.60   -33.66
    4   43     5.00     0.00    37.25500    36.99700    10.000     3.1862    -0.652650714     0.371100008     0.281550765    -0.260058880     3.123902798     0.366813958   20  229.55  319.89   83.62   87.03    -2.99  -173.61  184.86   94.58  344.71    6.61    2.40   82.96   -24.58
    4   44     5.00    10.00    37.30797    37.08821    10.000     3.2491    -0.664645791     0.371600002     0.293045640    -0.179108515     3.207620859     0.113813743   20  319.80  229.72   87.31   88.24  -178.23    -2.69  184.74  274.78   16.53    3.15    0.66   86.78   -22.25
    4   45     5.00    20.00    37.36094    37.17942    10.000     2.6948    -0.518278480     0.435099989     0.083178520    -0.137634352     2.673994303     0.081579715   20  320.82  230.77   87.49   88.72  -178.72    -2.51  185.78  275.82   23.78    2.68    0.87   87.18   -30.32
    4   46     5.00    30.00    37.41391    37.27063    10.000     1.5629    -0.247317493     0.423999995    -0.176682413    -0.106110074     1.558778286     0.023571681   20  323.35   53.41   85.79   89.19   179.19     4.21  188.31  278.46   64.24    2.41    3.55   85.71   -47.81
    5    1    10.00  -420.00    35.03024    33.16628     5.000     0.6965    -0.062025588     0.212000027    -0.149974406    -0.270078778     0.635492027     0.087449700   20  325.88   58.76   63.80   84.16   173.49    26.35  189.52  285.43   70.36   13.90   22.59   63.06   -53.69
    5    2    10.00  -410.00    35.08321    33.25749     5.000     1.3595    -0.116989337     0.354300052    -0.237310737    -0.466028601     1.270104051     0.103736654   20  325.19   57.12   67.84   85.27   174.89    22.24  189.12  283.32   68.51   12.03   18.97   67.28   -45.32
    5    3    10.00  -400.00    35.13618    33.34870     5.000     2.0345    -0.174062282     0.501500010    -0.327437758    -0.604812264     1.930850267     0.051543564   20  324.65   56.63   70.63   84.39   174.05    19.46  189.16  282.22   72.09    9.52   17.67   69.77   -39.86
    5    4    10.00  -390.00    35.18915    33.43990     5.000     2.7111    -0.227182657     0.659500122    -0.432317615    -0.745503902     2.582228184    -0.054144561   20  324.28   56.73   71.63   82.65   172.25    18.53  189.30  281.82   77.62    7.61   18.26   70.11   -35.83
    5    5    10.00  -380.00    35.24212    33.53111     5.000     3.1558    -0.215195924     0.658400118    -0.443203926    -0.796083808     3.028557301    -0.121720284   20  324.29   56.35   73.52   83.07   172.78    16.60  189.36  281.35   78.37    6.62   16.61   72.05   -30.23
    5    6    10.00  -370.00    35.29509    33.62232     5.000     3.6443    -0.207644612     0.735700130    -0.528055310    -0.842507124     3.505424023    -0.256220609   20  324.34   56.60   74.66   81.84   171.54    15.50  189.75  281.25   83.70    4.97   16.70   72.53   -27.32
    5    7    10.00  -360.00    35.34806    33.71353     5.000     3.8246    -0.118636161     0.655400097    -0.536763906    -0.756172895     3.707460403    -0.328958273   20  324.78   56.62   77.06   82.04   171.83    13.07  190.25  281.17   87.44    3.46   14.85   74.74   -23.01
    5    8    10.00  -350.00    35.40103    33.80473     5.000     4.1760    -0.092554718     0.635200143    -0.542645574    -0.718811810     4.058899879    -0.477608204   20  324.73   56.51   78.69   81.14   170.96    11.45  190.41  280.84   93.76    1.71   14.34   75.56   -19.25
    5    9    10.00  -340.00    35.45400    33.89594     5.000     3.9273    -0.019947797     0.628000021    -0.608052373    -0.674407244     3.826131344    -0.333977520   20  325.51   57.00   78.80   82.51   172.36    11.30  190.95  281.56   90.14    2.59   13.27   76.47   -22.46
    5   10    10.00  -330.00    35.50697    33.98715     5.000     3.9159    -0.052833352     0.729600132    -0.676766753    -0.768451989     3.786529303    -0.342286229   20  325.45   57.43   76.94   81.53   171.31    13.20  191.02  281.89   89.55    3.19   15.30   74.36   -25.20
    5   11    10.00  -320.00    35.55994    34.07836     5.000     3.8997    -0.121616997     0.663300097    -0.541683078    -0.861086488     3.741369724    -0.455325633   20  324.42   56.94   75.60   80.25   169.93    14.61  190.20  281.20   89.94    3.22   17.19   72.49   -18.94
    5   12    10.00  -310.00    35.61292    34.16957     5.000     3.6763    -0.162872717     0.588400126    -0.425527334    -0.856827736     3.523431540    -0.413056165   20  323.90   56.40   75.04   80.74   170.41    15.16  189.56  280.79   87.11    3.94   17.24   72.29   -17.10
    5   13    10.00  -300.00    35.66589    34.26077     5.000     3.4333    -0.165613100     0.567900121    -0.402286649    -0.861425400     3.284786701    -0.299952865   20  323.97   56.35   74.01   81.76   171.42    16.16  189.36  281.03   82.66    5.36   17.23   71.91   -19.24
    5   14    10.00  -290.00    35.71886    34.35198     5.000     3.3650    -0.163020164     0.495500058    -0.332480192    -0.816189408     3.227708340    -0.327009231   20  323.72   55.97   74.72   81.81   171.51    15.44  189.13  280.61   83.24    4.91   16.68   72.57   -16.02
    5   15    10.00  -280.00    35.77183    34.44319     5.000     3.4790    -0.181878000     0.469900072    -0.288021922    -0.776338935     3.348118544    -0.407753527   20  323.40   55.62   75.93   81.22   170.94    14.24  189.00  280.07   86.65    3.67   16.25   73.32   -13.42
    5   16    10.00  -270.00    35.82480    34.53440     5.000     3.8042    -0.264307410     0.577400148    -0.313092589    -0.890703917     3.646405220    -0.449134558   20  323.02   55.51   75.01   80.80   170.48    15.19  188.67  279.91   85.99    4.01   17.21   72.30   -15.43
    5   17    10.00  -260.00    35.87777    34.62560     5.000     3.9800    -0.231246158     0.600900114    -0.369653821    -0.902923942     3.840187550    -0.339887500   20  323.64   55.58   75.60   82.47   172.23    14.52  188.97  280.30   82.40    4.77   15.57   73.68   -18.57
    5   18    10.00  -250.00    35.93074    34.71681     5.000     3.9860    -0.118795790     0.617700100    -0.498904467    -0.838192225     3.875668526    -0.162324339   20  324.90   56.14   76.83   84.70   174.56    13.22  189.90  281.18   77.59    5.50   13.08   75.77   -23.38
    5   19    10.00  -240.00    35.98371    34.80802     5.000     4.4215     0.006257978     0.620500147    -0.626757979    -0.747403383     4.328508854    -0.233354181   20  325.65   56.65   79.40   84.67   174.58    10.65  190.79  281.53   82.95    3.69   11.29   78.10   -21.46
    5   20    10.00  -230.00    36.03668    34.89923     5.000     5.2397     0.001053057     0.883900106    -0.884953380    -0.859670460     5.120038033    -0.325949311   20  325.94   57.14   79.30   83.65   173.54    10.77  191.22  281.87   87.32    3.04   12.09   77.52   -25.68
    5   21    10.00  -220.00    36.08965    34.99043     5.000     6.1854    -0.092259690     1.135400057    -1.043140888    -1.090550423     6.020797729    -0.463390470   20  325.55   57.12   78.25   82.53   172.37    11.85  190.98  281.71   88.88    2.99   13.65   76.02   -26.72
    5   22    10.00  -210.00    36.14262    35.08164     5.000     7.0685    -0.219272435     1.289199948    -1.069927216    -1.351831913     6.855253220    -0.615454793   20  324.92   56.79   77.27   81.79   171.58    12.87  190.45  281.29   88.80    3.15   14.88   74.77   -24.98
    5   23    10.00  -200.00    36.19559    35.17285     5.000     7.7315    -0.327876389     1.270400286    -0.942523479    -1.481329679     7.494790077    -0.806282759   20  324.26   56.21   77.39   81.34   171.13    12.76  189.88  280.62   89.83    2.75   15.12   74.62   -20.89
    5   24    10.00  -190.00    36.24856    35.26406     5.000     7.9319    -0.422882617     1.155800223    -0.732917786    -1.480166912     7.685561180    -0.993526816   20  323.60   55.62   77.81   80.73   170.51    12.35  189.35  279.90   91.97    2.03   15.26   74.60   -16.66
    5   25    10.00  -180.00    36.30153    35.35526     5.000     7.5645    -0.395395339     1.020300031    -0.624904633    -1.310340285     7.357724190    -0.930761218   20  323.58   55.36   78.74   81.15   170.98    11.40  189.27  279.69   92.70    1.68   14.29   75.60   -15.83
    5   26    10.00  -170.00    36.35450    35.44647     5.000     6.5020    -0.270879328     0.708800137    -0.437920809    -1.046241403     6.365562439    -0.658620238   20  323.76   55.04   79.88   82.86   172.74    10.20  189.18  279.63   89.69    2.08   12.25   77.57   -13.56
    5   27    10.00  -160.00    36.40747    35.53768     5.000     4.8369    -0.090017341     0.520399988    -0.430383086    -0.578291893     4.780146122    -0.335578531   20  324.69   55.38   82.47   84.83   174.79     7.56  189.91  280.17   89.54    1.66    8.99   80.85   -16.73
    5   28    10.00  -150.00    36.46044    35.62889     5.000     2.9056     0.018026104     0.277799994    -0.295826316    -0.223572642     2.892249584     0.079494745   20  325.60  235.53   85.66   89.19  -179.19    -4.34  190.49  280.64   44.94    3.64    2.49   85.59   -18.80
    5   29    10.00  -140.00    36.51341    35.72010     5.000     2.5839    -0.163566366     0.322300047    -0.158733487    -0.356810927     2.558105946    -0.007258058   20  323.90   54.15   81.76   88.33   178.32     8.25  188.74  279.31   65.48    4.64    7.00   81.59   -22.69
    5   30    10.00  -130.00    36.56638    35.81130     5.000     2.9587    -0.385184795     0.405500054    -0.020315289    -0.535451353     2.860055447    -0.411696851   20  321.19   53.22   77.93   80.57   170.35    12.24  186.96  277.46   90.29    1.83   15.29   74.59   -14.76
    5   31    10.00  -120.00    36.61935    35.90251     5.000     3.3737    -0.507826328     0.438300073     0.069526315    -0.673531651     3.199330568    -0.689365149   20  319.91   52.95   76.67   77.39   167.03    13.67  186.35  276.51   94.87    0.49   18.51   71.48    -6.77
    5   32    10.00  -110.00    36.67233    35.99372     5.000     3.4964    -0.494438797     0.490100056     0.004338741    -0.757126212     3.271608591    -0.841851830   20   53.75  319.89   75.26   75.63    14.87   164.77    6.86  276.77   97.53    0.25   20.82   69.17    -3.38
    5   33    10.00  -100.00    36.72530    36.08493     5.000     3.1209    -0.369378597     0.484600067    -0.115221381    -0.712730587     2.926567078    -0.695000887   20  320.79   54.74   74.88   75.70   165.17    15.62  187.66  277.88   96.21    0.56   21.05   68.94    -6.43
    5   34    10.00   -90.00    36.77827    36.17613     5.000     3.1010    -0.271316200     0.435000062    -0.163683534    -0.439294964     2.916934729    -0.883651376   20   55.07  321.76   72.35   79.72    10.79   162.05    9.28  277.44  112.92    5.07   19.91   69.40    -7.72
    5   35    10.00   -80.00    36.83124    36.26734     5.000     2.9774    -0.185755730     0.421400011    -0.235644341    -0.134471834     2.798475266    -0.967173219   20   55.08  322.99   70.06   84.24     6.13   159.95   10.60  277.35  127.62    9.80   18.19   69.17   -17.26
    5   36    10.00   -70.00    36.88421    36.35855     5.000     2.6202    -0.105021708     0.404300004    -0.299278319     0.092671625     2.461435556    -0.887955487   20   55.15  324.27   69.64   87.65     2.51   159.62   11.50  277.86  137.98   12.53   15.96   69.49   -28.62
    5   37    10.00   -60.00    36.93718    36.44976     5.000     1.9391    -0.027999155     0.316799998    -0.288800895     0.191457167     1.830907106    -0.630686045   20   55.41  145.73   71.48   89.04    -1.01  -161.48   12.10  279.06  148.58   13.67   12.29   71.45   -37.21
    5   38    10.00   -50.00    36.99015    36.54096     5.000     1.0496     0.047571845     0.173999965    -0.221571803     0.207433417     0.988989472    -0.307566226   20   56.72  148.62   76.51   82.14    -8.08  -166.38   13.22  282.15  178.05   15.17    3.92   74.31   -45.68
    5   39    10.00   -40.00    37.04312    36.63217     5.000     0.3862     0.061940990     0.052699987    -0.114640988     0.155495465     0.335030973    -0.102591105   20  153.33   61.54   65.49   86.10  -175.71   -24.57   14.72  109.99  233.07   19.97   14.19   65.14   -46.42
    5   40    10.00   -30.00    37.09609    36.72338     5.000     0.8992    -0.133676440     0.149499997    -0.015823573    -0.136383697     0.862872779     0.233696312   20  231.29  322.26   75.80   86.15    -3.97  -165.77  187.61   95.96  337.09   12.76    7.23   75.27   -39.73
    5   41    10.00   -20.00    37.14906    36.81459     5.000     1.8651    -0.337472618     0.289299995     0.048172653    -0.235665977     1.779141903     0.508420587   20  230.30  320.88   74.35   87.93    -2.15  -164.34  186.67   94.54  328.23   12.49    9.51   74.21   -35.77
    5   42    10.00   -10.00    37.20203    36.90579     5.000     2.8550    -0.577053547     0.366100013     0.210953474    -0.333727330     2.771755457     0.505131423   20  229.54  320.20   80.20   86.22    -3.84  -170.18  185.23   94.51  341.06    9.61    4.23   79.48   -29.39
    5   43    10.00     0.00    37.25500    36.99700     5.000     3.4646    -0.696543336     0.304699987     0.391843438    -0.265853256     3.391265392     0.399329692   20  229.25  319.59   83.48   87.09    -2.93  -173.47  184.57   94.27  343.47    6.67    2.55   82.85   -19.38
    5   44    10.00    10.00    37.30797    37.08821     5.000     3.5264    -0.707586169     0.325500011     0.382086039    -0.160767451     3.477381229     0.165258124   20  229.50  319.59   87.41   87.97    -2.03  -177.41  184.56   94.53  357.58    3.27    0.40   86.71   -18.32
    5   45    10.00    20.00    37.36094    37.17942     5.000     2.9434    -0.524467468     0.403699994     0.120767593    -0.082598619     2.923228502     0.102037624   20  230.83  320.87   88.16   88.89    -1.12  -178.16  185.86   95.84  352.05    2.09    0.51   87.85   -25.94
    5   46    10.00    30.00    37.41391    37.27063     5.000     1.6992    -0.245532930     0.442600012    -0.197067022    -0.127822086     1.694233298     0.041324090   20  323.61   53.64   85.57   89.69   179.69     4.43  188.54  278.71   57.68    2.91    3.35   85.56   -46.33
