    1    1   -10.00  -420.00    33.47001    36.99700    25.000     1.2604    -0.431750089    -0.000000000     0.431750089     0.000000019     1.184137702    -0.000000052   20  313.98   43.98   90.00   90.00  -180.00    -0.00  358.98   88.98    0.00    0.00    0.00   90.00     0.00
    1    2   -10.00  -410.00    33.56013    36.99700    25.000     1.8964    -0.426299989    -0.000000000     0.426299989     0.000000019     1.847909093    -0.000000081   20  317.50   47.50   90.00   90.00  -180.00    -0.00    2.50   92.50    0.00    0.00    0.00   90.00     0.00
    1    3   -10.00  -400.00    33.65025    36.99700    25.000     2.4907    -0.469257593    -0.000000000     0.469257593     0.000000021     2.446112633    -0.000000107   20  318.57   48.57   90.00   90.00  -180.00    -0.00    3.57   93.57    0.00    0.00    0.00   90.00    -0.00
    1    4   -10.00  -390.00    33.74037    36.99700    25.000     2.5966    -0.528675914    -0.000000000     0.528675914     0.000000023     2.542257071    -0.000000111   20  318.13   48.13   90.00   90.00  -180.00    -0.00    3.13   93.13    0.00    0.00    0.00   90.00     0.00
    1    5   -10.00  -380.00    33.83049    36.99700    25.000     2.4046    -0.325948477    -0.000000000     0.325948477     0.000000014     2.382378101    -0.000000104   20  320.10   50.10   90.00   90.00  -180.00    -0.00    5.10   95.10    0.00    0.00    0.00   90.00    -0.00
    1    6   -10.00  -370.00    33.92060    36.99700    25.000     1.8982     0.157236338     0.000000000    -0.157236338    -0.000000007     1.891673684    -0.000000083   20  326.38   56.38   90.00   90.00  -180.00    -0.00   11.38  101.38    0.00    0.00    0.00   90.00    -0.00
    1    7   -10.00  -360.00    34.01072    36.99700    25.000     1.3047     0.469019532     0.000000000    -0.469019532    -0.000000021     1.217525005    -0.000000053   20  334.53   64.53   90.00   90.00  -180.00    -0.00   19.53  109.53    0.00    0.00    0.00   90.00    -0.00
    1    8   -10.00  -350.00    34.10084    36.99700    25.000     0.9941     0.411872923     0.000000000    -0.411872923    -0.000000018     0.904757738    -0.000000040   20  336.24   66.24   90.00   90.00  -180.00    -0.00   21.24  111.24    0.00    0.00    0.00   90.00     0.00
    1    9   -10.00  -340.00    34.19096    36.99700    25.000     0.8613     0.519982576     0.000000000    -0.519982576    -0.000000023     0.686587453    -0.000000030   20  342.57   72.57   90.00   90.00  -180.00    -0.00   27.57  117.57    0.00    0.00    0.00   90.00     0.00
    1   10   -10.00  -330.00    34.28108    36.99700    25.000     0.7534     0.515745223     0.000000000    -0.515745223    -0.000000023     0.549151421    -0.000000024   20  345.60   75.60   90.00   90.00  -180.00    -0.00   30.60  120.60    0.00    0.00    0.00   90.00    -0.00
    1   11   -10.00  -320.00    34.37120    36.99700    25.000     0.5894     0.163523912     0.000000000    -0.163523912    -0.000000007     0.566245735    -0.000000025   20  332.05   62.05   90.00   90.00  -180.00    -0.00   17.05  107.05    0.00    0.00    0.00   90.00    -0.00
    1   12   -10.00  -310.00    34.46132    36.99700    25.000     0.9411    -0.029922545    -0.000000000     0.029922545     0.000000001     0.940589190    -0.000000041   20  323.09   53.09   90.00   90.00  -180.00    -0.00    8.09   98.09    0.00    0.00    0.00   90.00    -0.00
    1   13   -10.00  -300.00    34.55144    36.99700    25.000     0.8645     0.099935174     0.000000000    -0.099935174    -0.000000004     0.858709931    -0.000000038   20  327.32   57.32   90.00   90.00  -180.00    -0.00   12.32  102.32    0.00    0.00    0.00   90.00    -0.00
    1   14   -10.00  -290.00    34.64156    36.99700    25.000     1.9015    -0.453918159    -0.000000000     0.453918159     0.000000020     1.846506119    -0.000000081   20  317.09   47.09   90.00   90.00  -180.00    -0.00    2.09   92.09    0.00    0.00    0.00   90.00     0.00
    1   15   -10.00  -280.00    34.73167    36.99700    25.000     2.6571    -0.872291565    -0.000000000     0.872291565     0.000000038     2.509889841    -0.000000110   20  314.42   44.42   90.00   90.00  -180.00    -0.00  359.42   89.42    0.00    0.00    0.00   90.00     0.00
    1   16   -10.00  -270.00    34.82179    36.99700    25.000     2.5278    -0.876476824    -0.000000000     0.876476824     0.000000038     2.370998859    -0.000000104   20  313.86   43.86   90.00   90.00  -180.00    -0.00  358.86   88.86    0.00    0.00    0.00   90.00     0.00
    1   17   -10.00  -260.00    34.91191    36.99700    25.000     2.3465    -0.917039454    -0.000000000     0.917039454     0.000000040     2.159933805    -0.000000094   20  312.50   42.50   90.00   90.00  -180.00    -0.00  357.50   87.50    0.00    0.00    0.00   90.00     0.00
    1   18   -10.00  -250.00    35.00203    36.99700    25.000     1.8331    -0.460157454    -0.000000000     0.460157454     0.000000020     1.774451375    -0.000000078   20  316.73   46.73   90.00   90.00  -180.00    -0.00    1.73   91.73    0.00    0.00    0.00   90.00     0.00
    1   19   -10.00  -240.00    35.09215    36.99700    25.000     1.1189    -0.201056659    -0.000000000     0.201056659     0.000000009     1.100639105    -0.000000048   20  318.82   48.82   90.00   90.00  -180.00    -0.00    3.82   93.82    0.00    0.00    0.00   90.00     0.00
    1   20   -10.00  -230.00    35.18227    36.99700    25.000     0.3192     0.268498957     0.000000000    -0.268498957    -0.000000012     0.172619343    -0.000000008   20  352.63   82.63   90.00   90.00  -180.00    -0.00   37.63  127.63    0.00    0.00    0.00   90.00    -0.00
    1   21   -10.00  -220.00    35.27239    36.99700    25.000     0.8118     0.536105931     0.000000000    -0.536105931    -0.000000023    -0.609568536     0.000000027   20  303.33  213.33   90.00   90.00    -0.00  -180.00   78.33  348.33    0.00    0.00    0.00   90.00     0.00
    1   22   -10.00  -210.00    35.36251    36.99700    25.000     0.3407     0.245057136     0.000000000    -0.245057136    -0.000000011    -0.236761093     0.000000010   20  301.01  211.01   90.00   90.00    -0.00  -180.00   76.01  346.01    0.00    0.00    0.00   90.00     0.00
    1   23   -10.00  -200.00    35.45263    36.99700    25.000     0.6487    -0.031258583    -0.000000000     0.031258583     0.000000001     0.647953629    -0.000000028   20  322.62   52.62   90.00   90.00  -180.00    -0.00    7.62   97.62    0.00    0.00    0.00   90.00     0.00
    1   24   -10.00  -190.00    35.54274    36.99700    25.000     1.3053    -0.377303451    -0.000000000     0.377303451     0.000000016     1.249564886    -0.000000055   20  315.60   45.60   90.00   90.00  -180.00    -0.00    0.60   90.60    0.00    0.00    0.00   90.00    -0.00
    1   25   -10.00  -180.00    35.63286    36.99700    25.000     1.7186    -0.352041066    -0.000000000     0.352041066     0.000000015     1.682143331    -0.000000074   20  318.09   48.09   90.00   90.00  -180.00    -0.00    3.09   93.09    0.00    0.00    0.00   90.00    -0.00
    1   26   -10.00  -170.00    35.72298    36.99700    25.000     2.0011    -0.109081089    -0.000000000     0.109081089     0.000000005     1.998085380    -0.000000087   20  322.44   52.44   90.00   90.00  -180.00    -0.00    7.44   97.44    0.00    0.00    0.00   90.00     0.00
    1   27   -10.00  -160.00    35.81310    36.99700    25.000     1.8533    -0.131498456    -0.000000000     0.131498456     0.000000006     1.848643899    -0.000000081   20  321.97   51.97   90.00   90.00  -180.00    -0.00    6.97   96.97    0.00    0.00    0.00   90.00     0.00
    1   28   -10.00  -150.00    35.90322    36.99700    25.000     1.6076    -0.245165884    -0.000000000     0.245165884     0.000000011     1.588801026    -0.000000069   20  319.61   49.61   90.00   90.00  -180.00    -0.00    4.61   94.61    0.00    0.00    0.00   90.00     0.00
    1   29   -10.00  -140.00    35.99334    36.99700    25.000     2.3485    -0.174461246    -0.000000000     0.174461246     0.000000008     2.342014790    -0.000000102   20  321.87   51.87   90.00   90.00  -180.00    -0.00    6.87   96.87    0.00    0.00    0.00   90.00     0.00
    1   30   -10.00  -130.00    36.08346    36.99700    25.000     3.7298    -0.010361791    -0.000000000     0.010361791     0.000000000     3.729744911    -0.000000163   20  323.92   53.92   90.00   90.00  -180.00    -0.00    8.92   98.92    0.00    0.00    0.00   90.00     0.00
    1   31   -10.00  -120.00    36.17358    36.99700    25.000     3.6853     0.373637319     0.000000000    -0.373637319    -0.000000016     3.666302204    -0.000000160   20  326.91   56.91   90.00   90.00  -180.00    -0.00   11.91  101.91    0.00    0.00    0.00   90.00     0.00
    1   32   -10.00  -110.00    36.26369    36.99700    25.000     2.8827     0.147590756     0.000000000    -0.147590756    -0.000000006     2.878912210    -0.000000126   20  325.47   55.47   90.00   90.00  -180.00    -0.00   10.47  100.47    0.00    0.00    0.00   90.00    -0.00
    1   33   -10.00  -100.00    36.35381    36.99700    25.000     2.1800     0.892844498     0.000000000    -0.892844498    -0.000000039     1.988739848    -0.000000087   20  336.09   66.09   90.00   90.00  -180.00    -0.00   21.09  111.09    0.00    0.00    0.00   90.00     0.00
    1   34   -10.00   -90.00    36.44393    36.99700    25.000     2.1121     1.449872613     0.000000000    -1.449872613    -0.000000063     1.535802960    -0.000000067   20  345.68   75.68   90.00   90.00  -180.00    -0.00   30.68  120.68    0.00    0.00    0.00   90.00    -0.00
    1   35   -10.00   -80.00    36.53405    36.99700    25.000     1.6772     0.668122888     0.000000000    -0.668122888    -0.000000029     1.538353801    -0.000000067   20  335.74   65.74   90.00   90.00  -180.00    -0.00   20.74  110.74    0.00    0.00    0.00   90.00    -0.00
    1   36   -10.00   -70.00    36.62417    36.99700    25.000     1.3917     0.792855501     0.000000000    -0.792855501    -0.000000035     1.143786788    -0.000000050   20  341.36   71.36   90.00   90.00  -180.00    -0.00   26.36  116.36    0.00    0.00    0.00   90.00     0.00
    1   37   -10.00   -60.00    36.71429    36.99700    25.000     1.0605     0.404698074     0.000000000    -0.404698074    -0.000000018     0.980234742    -0.000000043   20  335.22   65.22   90.00   90.00  -180.00    -0.00   20.22  110.22    0.00    0.00    0.00   90.00     0.00
    1   38   -10.00   -50.00    36.80441    36.99700    25.000     0.8279     0.011249006     0.000000000    -0.011249006    -0.000000000     0.827791095    -0.000000036   20  324.39   54.39   90.00   90.00  -180.00    -0.00    9.39   99.39    0.00    0.00    0.00   90.00     0.00
    1   39   -10.00   -40.00    36.89453    36.99700    25.000     0.2770    -0.046057761    -0.000000000     0.046057761     0.000000002     0.273135573    -0.000000012   20  319.21   49.21   90.00   90.00  -180.00    -0.00    4.21   94.21    0.00    0.00    0.00   90.00     0.00
    1   40   -10.00   -30.00    36.98465    36.99700    25.000     1.2034     1.202374578     0.000000000    -1.202374578    -0.000000053    -0.048625708     0.000000002   20  280.16  190.16   90.00   90.00    -0.00  -180.00   55.16  325.16    0.00    0.00    0.00   90.00    -0.00
    1   41   -10.00   -20.00    37.07476    36.99700    25.000     1.8703     1.860659719     0.000000000    -1.860659719    -0.000000081     0.189657927    -0.000000008   20  276.09  186.09   90.00   90.00    -0.00  -180.00   51.09  321.09    0.00    0.00    0.00   90.00    -0.00
    1   42   -10.00   -10.00    37.16488    36.99700    25.000     1.2950     1.234492064     0.000000000    -1.234492064    -0.000000054     0.391332179    -0.000000017   20  270.21  180.21   90.00   90.00    -0.00  -180.00   45.21  315.21    0.00    0.00    0.00   90.00    -0.00
    1   43   -10.00     0.00    37.25500    36.99700    25.000     0.5701    -0.438160092    -0.000000000     0.438160092     0.000000019     0.364753395    -0.000000016   20  298.89   28.89   90.00   90.00  -180.00    -0.00  343.89   73.89    0.00    0.00    0.00   90.00     0.00
    1   44   -10.00    10.00    37.34512    36.99700    25.000     1.6278    -1.611772180    -0.000000000     1.611772180     0.000000070     0.228098929    -0.000000010   20  283.03   13.03   90.00   90.00  -180.00    -0.00  328.03   58.03    0.00    0.00    0.00   90.00     0.00
    1   45   -10.00    20.00    37.43524    36.99700    25.000     2.0100    -1.981640577    -0.000000000     1.981640577     0.000000087     0.336719632    -0.000000015   20  283.82   13.82   90.00   90.00  -180.00    -0.00  328.82   58.82    0.00    0.00    0.00   90.00     0.00
    1   46   -10.00    30.00    37.52536    36.99700    25.000     1.4356    -1.371493459    -0.000000000     1.371493459     0.000000060     0.424144298    -0.000000019   20  287.59   17.59   90.00   90.00  -180.00    -0.00  332.59   62.59    0.00    0.00    0.00   90.00     0.00
    2    1    -5.00  -420.00    33.47001    36.99700    20.000     2.2270    -0.454642951    -0.000000000     0.454642951     0.000000020     2.180109978    -0.000000095   20  318.11   48.11   90.00   90.00  -180.00    -0.00    3.11   93.11    0.00    0.00    0.00   90.00    -0.00
    2    2    -5.00  -410.00    33.56013    36.99700    20.000     3.5100    -0.603917122    -0.000000000     0.603917122     0.000000026     3.457606554    -0.000000151   20  319.05   49.05   90.00   90.00  -180.00    -0.00    4.05   94.05    0.00    0.00    0.00   90.00    -0.00
    2    3    -5.00  -400.00    33.65025    36.99700    20.000     4.2257    -0.730693460    -0.000000000     0.730693460     0.000000032     4.162006378    -0.000000182   20  319.02   49.02   90.00   90.00  -180.00    -0.00    4.02   94.02    0.00    0.00    0.00   90.00    -0.00
    2    4    -5.00  -390.00    33.74037    36.99700    20.000     4.3250    -0.736639857    -0.000000000     0.736639857     0.000000032     4.261856079    -0.000000186   20  319.10   49.10   90.00   90.00  -180.00    -0.00    4.10   94.10    0.00    0.00    0.00   90.00    -0.00
    2    5    -5.00  -380.00    33.83049    36.99700    20.000     3.9456    -0.590113878    -0.000000000     0.590113878     0.000000026     3.901182652    -0.000000171   20  319.70   49.70   90.00   90.00  -180.00    -0.00    4.70   94.70    0.00    0.00    0.00   90.00     0.00
    2    6    -5.00  -370.00    33.92060    36.99700    20.000     3.1342     0.257790565     0.000000000    -0.257790565    -0.000000011     3.123538494    -0.000000137   20  326.36   56.36   90.00   90.00  -180.00    -0.00   11.36  101.36    0.00    0.00    0.00   90.00    -0.00
    2    7    -5.00  -360.00    34.01072    36.99700    20.000     2.3259     0.720825672     0.000000000    -0.720825672    -0.000000032     2.211380005    -0.000000097   20  333.03   63.03   90.00   90.00  -180.00    -0.00   18.03  108.03    0.00    0.00    0.00   90.00    -0.00
    2    8    -5.00  -350.00    34.10084    36.99700    20.000     1.8568     0.732486725     0.000000000    -0.732486725    -0.000000032     1.706261158    -0.000000075   20  335.62   65.62   90.00   90.00  -180.00    -0.00   20.62  110.62    0.00    0.00    0.00   90.00    -0.00
    2    9    -5.00  -340.00    34.19096    36.99700    20.000     1.3212     0.809429586     0.000000000    -0.809429586    -0.000000035     1.044235945    -0.000000046   20  342.89   72.89   90.00   90.00  -180.00    -0.00   27.89  117.89    0.00    0.00    0.00   90.00    -0.00
    2   10    -5.00  -330.00    34.28108    36.99700    20.000     1.2748     0.790153742     0.000000000    -0.790153742    -0.000000035     1.000330687    -0.000000044   20  343.15   73.15   90.00   90.00  -180.00    -0.00   28.15  118.15    0.00    0.00    0.00   90.00     0.00
    2   11    -5.00  -320.00    34.37120    36.99700    20.000     0.8070     0.395103574     0.000000000    -0.395103574    -0.000000017     0.703631938    -0.000000031   20  338.66   68.66   90.00   90.00  -180.00    -0.00   23.66  113.66    0.00    0.00    0.00   90.00    -0.00
    2   12    -5.00  -310.00    34.46132    36.99700    20.000     1.4326     0.095349848     0.000000000    -0.095349848    -0.000000004     1.429425836    -0.000000062   20  325.91   55.91   90.00   90.00  -180.00    -0.00   10.91  100.91    0.00    0.00    0.00   90.00    -0.00
    2   13    -5.00  -300.00    34.55144    36.99700    20.000     2.4259     0.619414687     0.000000000    -0.619414687    -0.000000027     2.345506668    -0.000000103   20  331.40   61.40   90.00   90.00  -180.00    -0.00   16.40  106.40    0.00    0.00    0.00   90.00     0.00
    2   14    -5.00  -290.00    34.64156    36.99700    20.000     3.5658     0.113831162     0.000000000    -0.113831162    -0.000000005     3.564011097    -0.000000156   20  324.91   54.91   90.00   90.00  -180.00    -0.00    9.91   99.91    0.00    0.00    0.00   90.00     0.00
    2   15    -5.00  -280.00    34.73167    36.99700    20.000     4.2123    -0.355938315    -0.000000000     0.355938315     0.000000016     4.197236538    -0.000000183   20  321.58   51.58   90.00   90.00  -180.00    -0.00    6.58   96.58    0.00    0.00    0.00   90.00     0.00
    2   16    -5.00  -270.00    34.82179    36.99700    20.000     4.1470    -0.682314873    -0.000000000     0.682314873     0.000000030     4.090454102    -0.000000179   20  319.26   49.26   90.00   90.00  -180.00    -0.00    4.26   94.26    0.00    0.00    0.00   90.00    -0.00
    2   17    -5.00  -260.00    34.91191    36.99700    20.000     3.8815    -1.026676297    -0.000000000     1.026676297     0.000000045     3.743247271    -0.000000164   20  316.33   46.33   90.00   90.00  -180.00    -0.00    1.33   91.33    0.00    0.00    0.00   90.00     0.00
    2   18    -5.00  -250.00    35.00203    36.99700    20.000     1.9243    -0.439831436    -0.000000000     0.439831436     0.000000019     1.873373985    -0.000000082   20  317.39   47.39   90.00   90.00  -180.00    -0.00    2.39   92.39    0.00    0.00    0.00   90.00    -0.00
    2   19    -5.00  -240.00    35.09215    36.99700    20.000     0.6846     0.412976265     0.000000000    -0.412976265    -0.000000018     0.546041906    -0.000000024   20  342.55   72.55   90.00   90.00  -180.00    -0.00   27.55  117.55    0.00    0.00    0.00   90.00    -0.00
    2   20    -5.00  -230.00    35.18227    36.99700    20.000     1.1415     0.708788276     0.000000000    -0.708788276    -0.000000031    -0.894765377     0.000000039   20  304.81  214.81   90.00   90.00    -0.00  -180.00   79.81  349.81    0.00    0.00    0.00   90.00     0.00
    2   21    -5.00  -220.00    35.27239    36.99700    20.000     2.0412     0.477726877     0.000000000    -0.477726877    -0.000000021    -1.984502792     0.000000087   20  317.23  227.23   90.00   90.00    -0.00  -180.00   92.23    2.23    0.00    0.00    0.00   90.00    -0.00
    2   22    -5.00  -210.00    35.36251    36.99700    20.000     0.3210     0.111655697     0.000000000    -0.111655697    -0.000000005    -0.300924778     0.000000013   20  313.82  223.82   90.00   90.00    -0.00  -180.00   88.82  358.82    0.00    0.00    0.00   90.00    -0.00
    2   23    -5.00  -200.00    35.45263    36.99700    20.000     1.9199    -0.626475871    -0.000000000     0.626475871     0.000000027     1.814832449    -0.000000079   20  314.48   44.48   90.00   90.00  -180.00    -0.00  359.48   89.48    0.00    0.00    0.00   90.00    -0.00
    2   24    -5.00  -190.00    35.54274    36.99700    20.000     3.7409    -1.363605857    -0.000000000     1.363605857     0.000000060     3.483518124    -0.000000152   20  313.31   43.31   90.00   90.00  -180.00    -0.00  358.31   88.31    0.00    0.00    0.00   90.00    -0.00
    2   25    -5.00  -180.00    35.63286    36.99700    20.000     4.4370    -1.189235687    -0.000000000     1.189235687     0.000000052     4.274621010    -0.000000187   20  316.23   46.23   90.00   90.00  -180.00    -0.00    1.23   91.23    0.00    0.00    0.00   90.00    -0.00
    2   26    -5.00  -170.00    35.72298    36.99700    20.000     4.5439    -0.759270310    -0.000000000     0.759270310     0.000000033     4.480041504    -0.000000196   20  319.19   49.19   90.00   90.00  -180.00    -0.00    4.19   94.19    0.00    0.00    0.00   90.00     0.00
    2   27    -5.00  -160.00    35.81310    36.99700    20.000     3.5468    -0.333989382    -0.000000000     0.333989382     0.000000015     3.531012058    -0.000000154   20  321.30   51.30   90.00   90.00  -180.00    -0.00    6.30   96.30    0.00    0.00    0.00   90.00     0.00
    2   28    -5.00  -150.00    35.90322    36.99700    20.000     3.8263    -0.482064962    -0.000000000     0.482064962     0.000000021     3.795814276    -0.000000166   20  320.38   50.38   90.00   90.00  -180.00    -0.00    5.38   95.38    0.00    0.00    0.00   90.00     0.00
    2   29    -5.00  -140.00    35.99334    36.99700    20.000     4.0299     0.210268497     0.000000000    -0.210268497    -0.000000009     4.024447441    -0.000000176   20  325.50   55.50   90.00   90.00  -180.00    -0.00   10.50  100.50    0.00    0.00    0.00   90.00     0.00
    2   30    -5.00  -130.00    36.08346    36.99700    20.000     5.9221     0.183320761     0.000000000    -0.183320761    -0.000000008     5.919258595    -0.000000259   20  324.89   54.89   90.00   90.00  -180.00    -0.00    9.89   99.89    0.00    0.00    0.00   90.00    -0.00
    2   31    -5.00  -120.00    36.17358    36.99700    20.000     5.9430     0.927401781     0.000000000    -0.927401781    -0.000000041     5.870190620    -0.000000257   20  328.49   58.49   90.00   90.00  -180.00    -0.00   13.49  103.49    0.00    0.00    0.00   90.00     0.00
    2   32    -5.00  -110.00    36.26369    36.99700    20.000     4.8418     1.490987659     0.000000000    -1.490987659    -0.000000065     4.606498718    -0.000000201   20  332.97   62.97   90.00   90.00  -180.00    -0.00   17.97  107.97    0.00    0.00    0.00   90.00    -0.00
    2   33    -5.00  -100.00    36.35381    36.99700    20.000     3.5775     1.992553473     0.000000000    -1.992553473    -0.000000087     2.971256733    -0.000000130   20  340.92   70.92   90.00   90.00  -180.00    -0.00   25.92  115.92    0.00    0.00    0.00   90.00     0.00
    2   34    -5.00   -90.00    36.44393    36.99700    20.000     3.5605     1.758472919     0.000000000    -1.758472919    -0.000000077     3.095923185    -0.000000135   20  338.80   68.80   90.00   90.00  -180.00    -0.00   23.80  113.80    0.00    0.00    0.00   90.00     0.00
    2   35    -5.00   -80.00    36.53405    36.99700    20.000     3.4810     1.364586115     0.000000000    -1.364586115    -0.000000060     3.202418089    -0.000000140   20  335.54   65.54   90.00   90.00  -180.00    -0.00   20.54  110.54    0.00    0.00    0.00   90.00    -0.00
    2   36    -5.00   -70.00    36.62417    36.99700    20.000     3.0512     1.473108172     0.000000000    -1.473108172    -0.000000064     2.671992064    -0.000000117   20  338.43   68.43   90.00   90.00  -180.00    -0.00   23.43  113.43    0.00    0.00    0.00   90.00     0.00
    2   37    -5.00   -60.00    36.71429    36.99700    20.000     2.4156     0.895915627     0.000000000    -0.895915627    -0.000000039     2.243350506    -0.000000098   20  334.89   64.89   90.00   90.00  -180.00    -0.00   19.89  109.89    0.00    0.00    0.00   90.00     0.00
    2   38    -5.00   -50.00    36.80441    36.99700    20.000     2.0389     0.035272121     0.000000000    -0.035272121    -0.000000002     2.038574457    -0.000000089   20  324.50   54.50   90.00   90.00  -180.00    -0.00    9.50   99.50    0.00    0.00    0.00   90.00    -0.00
    2   39    -5.00   -40.00    36.89453    36.99700    20.000     1.0231    -0.173264712    -0.000000000     0.173264712     0.000000008     1.008308411    -0.000000044   20  319.12   49.12   90.00   90.00  -180.00    -0.00    4.12   94.12    0.00    0.00    0.00   90.00    -0.00
    2   40    -5.00   -30.00    36.98465    36.99700    20.000     2.6458     2.644994736     0.000000000    -2.644994736    -0.000000116    -0.063878179     0.000000003   20  279.69  189.69   90.00   90.00    -0.00  -180.00   54.69  324.69    0.00    0.00    0.00   90.00    -0.00
    2   41    -5.00   -20.00    37.07476    36.99700    20.000     3.3201     3.273525715     0.000000000    -3.273525715    -0.000000143     0.553989291    -0.000000024   20  274.20  184.20   90.00   90.00    -0.00  -180.00   49.20  319.20    0.00    0.00    0.00   90.00    -0.00
    2   42    -5.00   -10.00    37.16488    36.99700    20.000     2.8279     2.510493755     0.000000000    -2.510493755    -0.000000110     1.301800013    -0.000000057   20  355.30   85.30   90.00   90.00  -180.00    -0.00   40.30  130.30    0.00    0.00    0.00   90.00     0.00
    2   43    -5.00     0.00    37.25500    36.99700    20.000     2.2795    -0.584756851    -0.000000000     0.584756851     0.000000026     2.203234196    -0.000000096   20  316.57   46.57   90.00   90.00  -180.00    -0.00    1.57   91.57    0.00    0.00    0.00   90.00    -0.00
    2   44    -5.00    10.00    37.34512    36.99700    20.000     3.5499    -2.665471315    -0.000000000     2.665471315     0.000000117     2.344575644    -0.000000102   20  299.67   29.67   90.00   90.00  -180.00    -0.00  344.67   74.67    0.00    0.00    0.00   90.00     0.00
    2   45    -5.00    20.00    37.43524    36.99700    20.000     3.7597    -2.971233845    -0.000000000     2.971233845     0.000000130     2.303793669    -0.000000101   20  297.89   27.89   90.00   90.00  -180.00    -0.00  342.89   72.89    0.00    0.00    0.00   90.00     0.00
    2   46    -5.00    30.00    37.52536    36.99700    20.000     2.9602    -2.477656841    -0.000000000     2.477656841     0.000000108     1.619947910    -0.000000071   20  295.59   25.59   90.00   90.00  -180.00    -0.00  340.59   70.59    0.00    0.00    0.00   90.00     0.00
    3    1     0.00  -420.00    33.47001    36.99700    15.000     2.9655    -0.212952495    -0.000000000     0.212952495     0.000000009     2.957862377    -0.000000129   20  321.94   51.94   90.00   90.00  -180.00    -0.00    6.94   96.94    0.00    0.00    0.00   90.00     0.00
    3    2     0.00  -410.00    33.56013    36.99700    15.000     4.7305    -0.481575727    -0.000000000     0.481575727     0.000000021     4.705908775    -0.000000206   20  321.08   51.08   90.00   90.00  -180.00    -0.00    6.08   96.08    0.00    0.00    0.00   90.00     0.00
    3    3     0.00  -400.00    33.65025    36.99700    15.000     5.1720    -0.657947540    -0.000000000     0.657947540     0.000000029     5.129961014    -0.000000224   20  320.35   50.35   90.00   90.00  -180.00    -0.00    5.35   95.35    0.00    0.00    0.00   90.00     0.00
    3    4     0.00  -390.00    33.74037    36.99700    15.000     5.2770    -0.755245686    -0.000000000     0.755245686     0.000000033     5.222629547    -0.000000228   20  319.89   49.89   90.00   90.00  -180.00    -0.00    4.89   94.89    0.00    0.00    0.00   90.00    -0.00
    3    5     0.00  -380.00    33.83049    36.99700    15.000     4.6055    -0.364870787    -0.000000000     0.364870787     0.000000016     4.591051102    -0.000000201   20  321.73   51.73   90.00   90.00  -180.00    -0.00    6.73   96.73    0.00    0.00    0.00   90.00    -0.00
    3    6     0.00  -370.00    33.92060    36.99700    15.000     3.7612     0.475640416     0.000000000    -0.475640416    -0.000000021     3.730988503    -0.000000163   20  327.63   57.63   90.00   90.00  -180.00    -0.00   12.63  102.63    0.00    0.00    0.00   90.00     0.00
    3    7     0.00  -360.00    34.01072    36.99700    15.000     2.8860     0.816475749     0.000000000    -0.816475749    -0.000000036     2.768084526    -0.000000121   20  332.22   62.22   90.00   90.00  -180.00    -0.00   17.22  107.22    0.00    0.00    0.00   90.00    -0.00
    3    8     0.00  -350.00    34.10084    36.99700    15.000     2.2959     0.971396804     0.000000000    -0.971396804    -0.000000042     2.080295086    -0.000000091   20  336.52   66.52   90.00   90.00  -180.00    -0.00   21.52  111.52    0.00    0.00    0.00   90.00     0.00
    3    9     0.00  -340.00    34.19096    36.99700    15.000     1.5776     1.071880460     0.000000000    -1.071880460    -0.000000047     1.157480478    -0.000000051   20  345.40   75.40   90.00   90.00  -180.00    -0.00   30.40  120.40    0.00    0.00    0.00   90.00     0.00
    3   10     0.00  -330.00    34.28108    36.99700    15.000     1.3775     0.984894276     0.000000000    -0.984894276    -0.000000043     0.963085949    -0.000000042   20  346.82   76.82   90.00   90.00  -180.00    -0.00   31.82  121.82    0.00    0.00    0.00   90.00     0.00
    3   11     0.00  -320.00    34.37120    36.99700    15.000     0.9777     0.693960190     0.000000000    -0.693960190    -0.000000030     0.688650429    -0.000000030   20  346.61   76.61   90.00   90.00  -180.00    -0.00   31.61  121.61    0.00    0.00    0.00   90.00    -0.00
    3   12     0.00  -310.00    34.46132    36.99700    15.000     2.3857     1.170614600     0.000000000    -1.170614600    -0.000000051     2.078782797    -0.000000091   20  338.69   68.69   90.00   90.00  -180.00    -0.00   23.69  113.69    0.00    0.00    0.00   90.00    -0.00
    3   13     0.00  -300.00    34.55144    36.99700    15.000     4.4831     1.469859719     0.000000000    -1.469859719    -0.000000064     4.235301971    -0.000000185   20  333.57   63.57   90.00   90.00  -180.00    -0.00   18.57  108.57    0.00    0.00    0.00   90.00    -0.00
    3   14     0.00  -290.00    34.64156    36.99700    15.000     5.0233     0.985061049     0.000000000    -0.985061049    -0.000000043     4.925786018    -0.000000215   20  329.65   59.65   90.00   90.00  -180.00    -0.00   14.65  104.65    0.00    0.00    0.00   90.00    -0.00
    3   15     0.00  -280.00    34.73167    36.99700    15.000     4.9845     0.539990902     0.000000000    -0.539990902    -0.000000024     4.955191135    -0.000000217   20  327.11   57.11   90.00   90.00  -180.00    -0.00   12.11  102.11    0.00    0.00    0.00   90.00    -0.00
    3   16     0.00  -270.00    34.82179    36.99700    15.000     4.5959    -0.132414341    -0.000000000     0.132414341     0.000000006     4.594029427    -0.000000201   20  323.17   53.17   90.00   90.00  -180.00    -0.00    8.17   98.17    0.00    0.00    0.00   90.00     0.00
    3   17     0.00  -260.00    34.91191    36.99700    15.000     4.1223    -0.776651025    -0.000000000     0.776651025     0.000000034     4.048446655    -0.000000177   20  318.57   48.57   90.00   90.00  -180.00    -0.00    3.57   93.57    0.00    0.00    0.00   90.00    -0.00
    3   18     0.00  -250.00    35.00203    36.99700    15.000     1.0254    -0.290207952    -0.000000000     0.290207952     0.000000013     0.983454466    -0.000000043   20  315.78   45.78   90.00   90.00  -180.00    -0.00    0.78   90.78    0.00    0.00    0.00   90.00    -0.00
    3   19     0.00  -240.00    35.09215    36.99700    15.000     1.3700     0.926661968     0.000000000    -0.926661968    -0.000000041    -1.009031296     0.000000044   20  302.72  212.72   90.00   90.00    -0.00  -180.00   77.72  347.72    0.00    0.00    0.00   90.00    -0.00
    3   20     0.00  -230.00    35.18227    36.99700    15.000     2.7225     1.016058445     0.000000000    -1.016058445    -0.000000044    -2.525844574     0.000000110   20  313.04  223.04   90.00   90.00    -0.00  -180.00   88.04  358.04    0.00    0.00    0.00   90.00    -0.00
    3   21     0.00  -220.00    35.27239    36.99700    15.000     3.0909     0.036875367     0.000000000    -0.036875367    -0.000000002    -3.090672970     0.000000135   20  323.66  233.66   90.00   90.00    -0.00  -180.00   98.66    8.66    0.00    0.00    0.00   90.00    -0.00
    3   22     0.00  -210.00    35.36251    36.99700    15.000     0.6750    -0.574103236    -0.000000000     0.574103236     0.000000025    -0.354981720     0.000000016   20  353.14  263.14   90.00   90.00    -0.00  -180.00  128.14   38.14    0.00    0.00    0.00   90.00     0.00
    3   23     0.00  -200.00    35.45263    36.99700    15.000     3.6385    -1.767845988    -0.000000000     1.767845988     0.000000077     3.180153370    -0.000000139   20  309.47   39.47   90.00   90.00  -180.00    -0.00  354.47   84.47    0.00    0.00    0.00   90.00    -0.00
    3   24     0.00  -190.00    35.54274    36.99700    15.000     6.5931    -2.999270916    -0.000000000     2.999270916     0.000000131     5.871443272    -0.000000257   20  310.47   40.47   90.00   90.00  -180.00    -0.00  355.47   85.47    0.00    0.00    0.00   90.00    -0.00
    3   25     0.00  -180.00    35.63286    36.99700    15.000     7.6174    -3.438611507    -0.000000000     3.438611507     0.000000150     6.797083378    -0.000000297   20  310.58   40.58   90.00   90.00  -180.00    -0.00  355.58   85.58    0.00    0.00    0.00   90.00     0.00
    3   26     0.00  -170.00    35.72298    36.99700    15.000     6.9074    -2.229488850    -0.000000000     2.229488850     0.000000097     6.537729740    -0.000000286   20  314.58   44.58   90.00   90.00  -180.00    -0.00  359.58   89.58    0.00    0.00    0.00   90.00     0.00
    3   27     0.00  -160.00    35.81310    36.99700    15.000     4.9668    -0.964123130    -0.000000000     0.964123130     0.000000042     4.872338772    -0.000000213   20  318.40   48.40   90.00   90.00  -180.00    -0.00    3.40   93.40    0.00    0.00    0.00   90.00    -0.00
    3   28     0.00  -150.00    35.90322    36.99700    15.000     5.2578    -0.722500563    -0.000000000     0.722500563     0.000000032     5.207929134    -0.000000228   20  320.05   50.05   90.00   90.00  -180.00    -0.00    5.05   95.05    0.00    0.00    0.00   90.00     0.00
    3   29     0.00  -140.00    35.99334    36.99700    15.000     5.3912     0.567676544     0.000000000    -0.567676544    -0.000000025     5.361218452    -0.000000234   20  327.02   57.02   90.00   90.00  -180.00    -0.00   12.02  102.02    0.00    0.00    0.00   90.00    -0.00
    3   30     0.00  -130.00    36.08346    36.99700    15.000     6.8630     0.776327372     0.000000000    -0.776327372    -0.000000034     6.818941116    -0.000000298   20  327.25   57.25   90.00   90.00  -180.00    -0.00   12.25  102.25    0.00    0.00    0.00   90.00    -0.00
    3   31     0.00  -120.00    36.17358    36.99700    15.000     7.0575     1.210935831     0.000000000    -1.210935831    -0.000000053     6.952793598    -0.000000304   20  328.94   58.94   90.00   90.00  -180.00    -0.00   13.94  103.94    0.00    0.00    0.00   90.00    -0.00
    3   32     0.00  -110.00    36.26369    36.99700    15.000     5.9133     2.685316086     0.000000000    -2.685316086    -0.000000117     5.268360138    -0.000000230   20  337.50   67.50   90.00   90.00  -180.00    -0.00   22.50  112.50    0.00    0.00    0.00   90.00     0.00
    3   33     0.00  -100.00    36.35381    36.99700    15.000     4.3968     3.137808800     0.000000000    -3.137808800    -0.000000137     3.079981089    -0.000000135   20  346.77   76.77   90.00   90.00  -180.00    -0.00   31.77  121.77    0.00    0.00    0.00   90.00    -0.00
    3   34     0.00   -90.00    36.44393    36.99700    15.000     3.8284     1.479123831     0.000000000    -1.479123831    -0.000000065     3.531098843    -0.000000154   20  335.36   65.36   90.00   90.00  -180.00    -0.00   20.36  110.36    0.00    0.00    0.00   90.00    -0.00
    3   35     0.00   -80.00    36.53405    36.99700    15.000     4.2183     2.049848557     0.000000000    -2.049848557    -0.000000090     3.686782122    -0.000000161   20  338.54   68.54   90.00   90.00  -180.00    -0.00   23.54  113.54    0.00    0.00    0.00   90.00    -0.00
    3   36     0.00   -70.00    36.62417    36.99700    15.000     3.8280     1.584521532     0.000000000    -1.584521532    -0.000000069     3.484697342    -0.000000152   20  336.23   66.23   90.00   90.00  -180.00    -0.00   21.23  111.23    0.00    0.00    0.00   90.00    -0.00
    3   37     0.00   -60.00    36.71429    36.99700    15.000     3.5661     1.000437021     0.000000000    -1.000437021    -0.000000044     3.422879696    -0.000000150   20  332.15   62.15   90.00   90.00  -180.00    -0.00   17.15  107.15    0.00    0.00    0.00   90.00    -0.00
    3   38     0.00   -50.00    36.80441    36.99700    15.000     3.2188     0.180554271     0.000000000    -0.180554271    -0.000000008     3.213683128    -0.000000140   20  325.61   55.61   90.00   90.00  -180.00    -0.00   10.61  100.61    0.00    0.00    0.00   90.00    -0.00
    3   39     0.00   -40.00    36.89453    36.99700    15.000     1.8914    -0.038962066    -0.000000000     0.038962066     0.000000002     1.891012788    -0.000000083   20  323.41   53.41   90.00   90.00  -180.00    -0.00    8.41   98.41    0.00    0.00    0.00   90.00    -0.00
    3   40     0.00   -30.00    36.98465    36.99700    15.000     3.6730     3.659304857     0.000000000    -3.659304857    -0.000000160     0.316792250    -0.000000014   20  276.53  186.53   90.00   90.00    -0.00  -180.00   51.53  321.53    0.00    0.00    0.00   90.00    -0.00
    3   41     0.00   -20.00    37.07476    36.99700    15.000     4.2388     4.048633575     0.000000000    -4.048633575    -0.000000177     1.255337238    -0.000000055   20  270.39  180.39   90.00   90.00    -0.00  -180.00   45.39  315.39    0.00    0.00    0.00   90.00     0.00
    3   42     0.00   -10.00    37.16488    36.99700    15.000     4.4450     3.377213001     0.000000000    -3.377213001    -0.000000148     2.890066385    -0.000000126   20  348.72   78.72   90.00   90.00  -180.00    -0.00   33.72  123.72    0.00    0.00    0.00   90.00    -0.00
    3   43     0.00     0.00    37.25500    36.99700    15.000     4.6829    -0.688355207    -0.000000000     0.688355207     0.000000030     4.631992340    -0.000000202   20  319.77   49.77   90.00   90.00  -180.00    -0.00    4.77   94.77    0.00    0.00    0.00   90.00     0.00
    3   44     0.00    10.00    37.34512    36.99700    15.000     6.4038    -4.084675789    -0.000000000     4.084675789     0.000000179     4.931952477    -0.000000216   20  304.18   34.18   90.00   90.00  -180.00    -0.00  349.18   79.18    0.00    0.00    0.00   90.00     0.00
    3   45     0.00    20.00    37.43524    36.99700    15.000     6.1275    -3.921328068    -0.000000000     3.921328068     0.000000171     4.708492756    -0.000000206   20  304.11   34.11   90.00   90.00  -180.00    -0.00  349.11   79.11    0.00    0.00    0.00   90.00    -0.00
    3   46     0.00    30.00    37.52536    36.99700    15.000     4.3380    -3.145637512    -0.000000000     3.145637512     0.000000138     2.987145901    -0.000000131   20  300.76   30.76   90.00   90.00  -180.00    -0.00  345.76   75.76    0.00    0.00    0.00   90.00     0.00
    4    1     5.00  -420.00    33.47001    36.99700    10.000     3.4858     0.346837163     0.000000000    -0.346837163    -0.000000015     3.468541145    -0.000000152   20  326.86   56.86   90.00   90.00  -180.00    -0.00   11.86  101.86    0.00    0.00    0.00   90.00     0.00
    4    2     5.00  -410.00    33.56013    36.99700    10.000     5.5366     0.112985134     0.000000000    -0.112985134    -0.000000005     5.535438061    -0.000000242   20  324.58   54.58   90.00   90.00  -180.00    -0.00    9.58   99.58    0.00    0.00    0.00   90.00     0.00
    4    3     5.00  -400.00    33.65025    36.99700    10.000     5.7276    -0.180278540    -0.000000000     0.180278540     0.000000008     5.724781990    -0.000000250   20  323.10   53.10   90.00   90.00  -180.00    -0.00    8.10   98.10    0.00    0.00    0.00   90.00     0.00
    4    4     5.00  -390.00    33.74037    36.99700    10.000     5.7337    -0.524554014    -0.000000000     0.524554014     0.000000023     5.709654331    -0.000000250   20  321.38   51.38   90.00   90.00  -180.00    -0.00    6.38   96.38    0.00    0.00    0.00   90.00     0.00
    4    5     5.00  -380.00    33.83049    36.99700    10.000     4.8706    -0.178533554    -0.000000000     0.178533554     0.000000008     4.867355347    -0.000000213   20  322.95   52.95   90.00   90.00  -180.00    -0.00    7.95   97.95    0.00    0.00    0.00   90.00    -0.00
    4    6     5.00  -370.00    33.92060    36.99700    10.000     4.0345     0.513114214     0.000000000    -0.513114214    -0.000000022     4.001718998    -0.000000175   20  327.65   57.65   90.00   90.00  -180.00    -0.00   12.65  102.65    0.00    0.00    0.00   90.00     0.00
    4    7     5.00  -360.00    34.01072    36.99700    10.000     3.0273     0.824879229     0.000000000    -0.824879229    -0.000000036     2.912762642    -0.000000127   20  331.91   61.91   90.00   90.00  -180.00    -0.00   16.91  106.91    0.00    0.00    0.00   90.00     0.00
    4    8     5.00  -350.00    34.10084    36.99700    10.000     2.2098     0.957788229     0.000000000    -0.957788229    -0.000000042     1.991441011    -0.000000087   20  336.84   66.84   90.00   90.00  -180.00    -0.00   21.84  111.84    0.00    0.00    0.00   90.00     0.00
    4    9     5.00  -340.00    34.19096    36.99700    10.000     1.3155     1.071856499     0.000000000    -1.071856499    -0.000000047     0.762753725    -0.000000033   20  351.28   81.28   90.00   90.00  -180.00    -0.00   36.28  126.28    0.00    0.00    0.00   90.00    -0.00
    4   10     5.00  -330.00    34.28108    36.99700    10.000     1.0358     0.988748312     0.000000000    -0.988748312    -0.000000043     0.308541089    -0.000000013   20  270.33  180.33   90.00   90.00    -0.00  -180.00   45.33  315.33    0.00    0.00    0.00   90.00     0.00
    4   11     5.00  -320.00    34.37120    36.99700    10.000     0.8167     0.777747571     0.000000000    -0.777747571    -0.000000034     0.249235690    -0.000000011   20  270.12  180.12   90.00   90.00    -0.00  -180.00   45.12  315.12    0.00    0.00    0.00   90.00     0.00
    4   12     5.00  -310.00    34.46132    36.99700    10.000     2.7589     0.983867824     0.000000000    -0.983867824    -0.000000043     2.577482700    -0.000000113   20  334.45   64.45   90.00   90.00  -180.00    -0.00   19.45  109.45    0.00    0.00    0.00   90.00     0.00
    4   13     5.00  -300.00    34.55144    36.99700    10.000     5.5764     1.838405490     0.000000000    -1.838405490    -0.000000080     5.264669895    -0.000000230   20  333.62   63.62   90.00   90.00  -180.00    -0.00   18.62  108.62    0.00    0.00    0.00   90.00    -0.00
    4   14     5.00  -290.00    34.64156    36.99700    10.000     5.8392     1.764386654     0.000000000    -1.764386654    -0.000000077     5.566257477    -0.000000243   20  332.79   62.79   90.00   90.00  -180.00    -0.00   17.79  107.79    0.00    0.00    0.00   90.00     0.00
    4   15     5.00  -280.00    34.73167    36.99700    10.000     5.2067     1.251578331     0.000000000    -1.251578331    -0.000000055     5.054020405    -0.000000221   20  330.95   60.95   90.00   90.00  -180.00    -0.00   15.95  105.95    0.00    0.00    0.00   90.00    -0.00
    4   16     5.00  -270.00    34.82179    36.99700    10.000     4.5454     0.037161350     0.000000000    -0.037161350    -0.000000002     4.545243263    -0.000000199   20  324.23   54.23   90.00   90.00  -180.00    -0.00    9.23   99.23    0.00    0.00    0.00   90.00    -0.00
    4   17     5.00  -260.00    34.91191    36.99700    10.000     3.3315    -0.782960415    -0.000000000     0.782960415     0.000000034     3.238137722    -0.000000142   20  317.20   47.20   90.00   90.00  -180.00    -0.00    2.20   92.20    0.00    0.00    0.00   90.00     0.00
    4   18     5.00  -250.00    35.00203    36.99700    10.000     0.2433    -0.195115209    -0.000000000     0.195115209     0.000000009    -0.145410836     0.000000006   20  350.65  260.65   90.00   90.00    -0.00  -180.00  125.65   35.65    0.00    0.00    0.00   90.00     0.00
    4   19     5.00  -240.00    35.09215    36.99700    10.000     2.8389     1.343903065     0.000000000    -1.343903065    -0.000000059    -2.500599384     0.000000109   20  309.87  219.87   90.00   90.00    -0.00  -180.00   84.87  354.87    0.00    0.00    0.00   90.00     0.00
    4   20     5.00  -230.00    35.18227    36.99700    10.000     4.2398     1.638114691     0.000000000    -1.638114691    -0.000000072    -3.910592556     0.000000171   20  312.64  222.64   90.00   90.00    -0.00  -180.00   87.64  357.64    0.00    0.00    0.00   90.00     0.00
    4   21     5.00  -220.00    35.27239    36.99700    10.000     3.6160     0.046804190     0.000000000    -0.046804190    -0.000000002    -3.615701914     0.000000158   20  323.63  233.63   90.00   90.00    -0.00  -180.00   98.63    8.63    0.00    0.00    0.00   90.00     0.00
    4   22     5.00  -210.00    35.36251    36.99700    10.000     1.3844    -1.378906131    -0.000000000     1.378906131     0.000000060    -0.123237073     0.000000005   20  276.45    6.45   90.00   90.00  -180.00    -0.00  321.45   51.45    0.00    0.00    0.00   90.00     0.00
    4   23     5.00  -200.00    35.45263    36.99700    10.000     5.3938    -3.143769264    -0.000000000     3.143769264     0.000000137     4.382938385    -0.000000192   20  306.17   36.17   90.00   90.00  -180.00    -0.00  351.17   81.17    0.00    0.00    0.00   90.00    -0.00
    4   24     5.00  -190.00    35.54274    36.99700    10.000     8.9793    -4.724102497    -0.000000000     4.724102497     0.000000206     7.636110306    -0.000000334   20  308.13   38.13   90.00   90.00  -180.00    -0.00  353.13   83.13    0.00    0.00    0.00   90.00    -0.00
    4   25     5.00  -180.00    35.63286    36.99700    10.000    10.1986    -5.482904434    -0.000000000     5.482904434     0.000000240     8.599371910    -0.000000376   20  307.74   37.74   90.00   90.00  -180.00    -0.00  352.74   82.74    0.00    0.00    0.00   90.00    -0.00
    4   26     5.00  -170.00    35.72298    36.99700    10.000     8.4906    -3.787690401    -0.000000000     3.787690401     0.000000166     7.598958492    -0.000000332   20  310.75   40.75   90.00   90.00  -180.00    -0.00  355.75   85.75    0.00    0.00    0.00   90.00    -0.00
    4   27     5.00  -160.00    35.81310    36.99700    10.000     5.6700    -1.856782913    -0.000000000     1.856782913     0.000000081     5.357328892    -0.000000234   20  314.44   44.44   90.00   90.00  -180.00    -0.00  359.44   89.44    0.00    0.00    0.00   90.00    -0.00
    4   28     5.00  -150.00    35.90322    36.99700    10.000     4.4967    -0.166349411    -0.000000000     0.166349411     0.000000007     4.493628979    -0.000000196   20  322.94   52.94   90.00   90.00  -180.00    -0.00    7.94   97.94    0.00    0.00    0.00   90.00    -0.00
    4   29     5.00  -140.00    35.99334    36.99700    10.000     6.9570     0.407192945     0.000000000    -0.407192945    -0.000000018     6.945044041    -0.000000304   20  325.68   55.68   90.00   90.00  -180.00    -0.00   10.68  100.68    0.00    0.00    0.00   90.00     0.00
    4   30     5.00  -130.00    36.08346    36.99700    10.000     7.7839     0.754597187     0.000000000    -0.754597187    -0.000000033     7.747262001    -0.000000339   20  326.78   56.78   90.00   90.00  -180.00    -0.00   11.78  101.78    0.00    0.00    0.00   90.00    -0.00
    4   31     5.00  -120.00    36.17358    36.99700    10.000     7.4851     1.139840603     0.000000000    -1.139840603    -0.000000050     7.397804737    -0.000000323   20  328.38   58.38   90.00   90.00  -180.00    -0.00   13.38  103.38    0.00    0.00    0.00   90.00    -0.00
    4   32     5.00  -110.00    36.26369    36.99700    10.000     6.4355     3.365040779     0.000000000    -3.365040779    -0.000000147     5.485641479    -0.000000240   20  339.76   69.76   90.00   90.00  -180.00    -0.00   24.76  114.76    0.00    0.00    0.00   90.00     0.00
    4   33     5.00  -100.00    36.35381    36.99700    10.000     5.1398     4.153386116     0.000000000    -4.153386116    -0.000000182     3.027650833    -0.000000132   20  350.95   80.95   90.00   90.00  -180.00    -0.00   35.95  125.95    0.00    0.00    0.00   90.00    -0.00
    4   34     5.00   -90.00    36.44393    36.99700    10.000     4.2734     2.376884937     0.000000000    -2.376884937    -0.000000104     3.551416397    -0.000000155   20  340.90   70.90   90.00   90.00  -180.00    -0.00   25.90  115.90    0.00    0.00    0.00   90.00    -0.00
    4   35     5.00   -80.00    36.53405    36.99700    10.000     4.2854     1.700382710     0.000000000    -1.700382710    -0.000000074     3.933569670    -0.000000172   20  335.69   65.69   90.00   90.00  -180.00    -0.00   20.69  110.69    0.00    0.00    0.00   90.00    -0.00
    4   36     5.00   -70.00    36.62417    36.99700    10.000     4.3864     1.309787273     0.000000000    -1.309787273    -0.000000057     4.186235428    -0.000000183   20  332.69   62.69   90.00   90.00  -180.00    -0.00   17.69  107.69    0.00    0.00    0.00   90.00    -0.00
    4   37     5.00   -60.00    36.71429    36.99700    10.000     4.2962     0.797182679     0.000000000    -0.797182679    -0.000000035     4.221560955    -0.000000185   20  329.35   59.35   90.00   90.00  -180.00    -0.00   14.35  104.35    0.00    0.00    0.00   90.00    -0.00
    4   38     5.00   -50.00    36.80441    36.99700    10.000     3.8203     0.122023821     0.000000000    -0.122023821    -0.000000005     3.818392754    -0.000000167   20  324.92   54.92   90.00   90.00  -180.00    -0.00    9.92   99.92    0.00    0.00    0.00   90.00    -0.00
    4   39     5.00   -40.00    36.89453    36.99700    10.000     2.1338     0.021700621     0.000000000    -0.021700621    -0.000000001     2.133738518    -0.000000093   20  324.29   54.29   90.00   90.00  -180.00    -0.00    9.29   99.29    0.00    0.00    0.00   90.00     0.00
    4   40     5.00   -30.00    36.98465    36.99700    10.000     3.7629     3.690557957     0.000000000    -3.690557957    -0.000000161     0.734493852    -0.000000032   20  273.37  183.37   90.00   90.00    -0.00  -180.00   48.37  318.37    0.00    0.00    0.00   90.00    -0.00
    4   41     5.00   -20.00    37.07476    36.99700    10.000     4.8376     4.300218582     0.000000000    -4.300218582    -0.000000188     2.215894222    -0.000000097   20  355.37   85.37   90.00   90.00  -180.00    -0.00   40.37  130.37    0.00    0.00    0.00   90.00    -0.00
    4   42     5.00   -10.00    37.16488    36.99700    10.000     5.2934     3.040119171     0.000000000    -3.040119171    -0.000000133     4.333337307    -0.000000189   20  341.53   71.53   90.00   90.00  -180.00    -0.00   26.53  116.53    0.00    0.00    0.00   90.00    -0.00
    4   43     5.00     0.00    37.25500    36.99700    10.000     6.7493    -1.205110550    -0.000000000     1.205110550     0.000000053     6.640825272    -0.000000290   20  318.86   48.86   90.00   90.00  -180.00    -0.00    3.86   93.86    0.00    0.00    0.00   90.00     0.00
    4   44     5.00    10.00    37.34512    36.99700    10.000     8.6431    -5.007607460    -0.000000000     5.007607460     0.000000219     7.044653893    -0.000000308   20  306.30   36.30   90.00   90.00  -180.00    -0.00  351.30   81.30    0.00    0.00    0.00   90.00     0.00
    4   45     5.00    20.00    37.43524    36.99700    10.000     8.4363    -5.255439281    -0.000000000     5.255439281     0.000000230     6.599376678    -0.000000288   20  304.73   34.73   90.00   90.00  -180.00    -0.00  349.73   79.73    0.00    0.00    0.00   90.00    -0.00
    4   46     5.00    30.00    37.52536    36.99700    10.000     5.5093    -3.393383265    -0.000000000     3.393383265     0.000000148     4.340211868    -0.000000190   20  304.99   34.99   90.00   90.00  -180.00    -0.00  349.99   79.99    0.00    0.00    0.00   90.00     0.00
    5    1    10.00  -420.00    33.47001    36.99700     5.000     3.8008     0.723256588     0.000000000    -0.723256588    -0.000000032     3.731322765    -0.000000163   20  329.48   59.48   90.00   90.00  -180.00    -0.00   14.48  104.48    0.00    0.00    0.00   90.00    -0.00
    5    2    10.00  -410.00    33.56013    36.99700     5.000     5.8890     0.621683121     0.000000000    -0.621683121    -0.000000027     5.856130123    -0.000000256   20  327.03   57.03   90.00   90.00  -180.00    -0.00   12.03  102.03    0.00    0.00    0.00   90.00    -0.00
    5    3    10.00  -400.00    33.65025    36.99700     5.000     6.0921     0.206110477     0.000000000    -0.206110477    -0.000000009     6.088588715    -0.000000266   20  324.97   54.97   90.00   90.00  -180.00    -0.00    9.97   99.97    0.00    0.00    0.00   90.00    -0.00
    5    4    10.00  -390.00    33.74037    36.99700     5.000     5.7198    -0.200139284    -0.000000000     0.200139284     0.000000009     5.716331482    -0.000000250   20  323.00   53.00   90.00   90.00  -180.00    -0.00    8.00   98.00    0.00    0.00    0.00   90.00     0.00
    5    5    10.00  -380.00    33.83049    36.99700     5.000     4.9936    -0.112535000    -0.000000000     0.112535000     0.000000005     4.992368698    -0.000000218   20  323.35   53.35   90.00   90.00  -180.00    -0.00    8.35   98.35    0.00    0.00    0.00   90.00     0.00
    5    6    10.00  -370.00    33.92060    36.99700     5.000     4.0788     0.327462792     0.000000000    -0.327462792    -0.000000014     4.065680504    -0.000000178   20  326.30   56.30   90.00   90.00  -180.00    -0.00   11.30  101.30    0.00    0.00    0.00   90.00    -0.00
    5    7    10.00  -360.00    34.01072    36.99700     5.000     2.8312     0.784584165     0.000000000    -0.784584165    -0.000000034     2.720290422    -0.000000119   20  332.04   62.04   90.00   90.00  -180.00    -0.00   17.04  107.04    0.00    0.00    0.00   90.00    -0.00
    5    8    10.00  -350.00    34.10084    36.99700     5.000     1.9830     0.854332209     0.000000000    -0.854332209    -0.000000037     1.789487004    -0.000000078   20  336.76   66.76   90.00   90.00  -180.00    -0.00   21.76  111.76    0.00    0.00    0.00   90.00    -0.00
    5    9    10.00  -340.00    34.19096    36.99700     5.000     0.9794     0.918744922     0.000000000    -0.918744922    -0.000000040     0.339209944    -0.000000015   20  358.87   88.87   90.00   90.00  -180.00    -0.00   43.87  133.87    0.00    0.00    0.00   90.00     0.00
    5   10    10.00  -330.00    34.28108    36.99700     5.000     0.9623     0.886961937     0.000000000    -0.886961937    -0.000000039    -0.373283535     0.000000016   20  290.41  200.41   90.00   90.00    -0.00  -180.00   65.41  335.41    0.00    0.00    0.00   90.00    -0.00
    5   11    10.00  -320.00    34.37120    36.99700     5.000     1.0459     1.042741060     0.000000000    -1.042741060    -0.000000046    -0.081567436     0.000000004   20  281.24  191.24   90.00   90.00    -0.00  -180.00   56.24  326.24    0.00    0.00    0.00   90.00    -0.00
    5   12    10.00  -310.00    34.46132    36.99700     5.000     2.9134     1.389000058     0.000000000    -1.389000058    -0.000000061     2.560967445    -0.000000112   20  338.24   68.24   90.00   90.00  -180.00    -0.00   23.24  113.24    0.00    0.00    0.00   90.00    -0.00
    5   13    10.00  -300.00    34.55144    36.99700     5.000     5.7879     2.000224113     0.000000000    -2.000224113    -0.000000087     5.431331635    -0.000000237   20  334.11   64.11   90.00   90.00  -180.00    -0.00   19.11  109.11    0.00    0.00    0.00   90.00     0.00
    5   14    10.00  -290.00    34.64156    36.99700     5.000     6.0150     2.028291702     0.000000000    -2.028291702    -0.000000089     5.662730694    -0.000000248   20  333.85   63.85   90.00   90.00  -180.00    -0.00   18.85  108.85    0.00    0.00    0.00   90.00    -0.00
    5   15    10.00  -280.00    34.73167    36.99700     5.000     5.0472     1.640725732     0.000000000    -1.640725732    -0.000000072     4.773125172    -0.000000209   20  333.49   63.49   90.00   90.00  -180.00    -0.00   18.49  108.49    0.00    0.00    0.00   90.00     0.00
    5   16    10.00  -270.00    34.82179    36.99700     5.000     4.0332     0.192938685     0.000000000    -0.192938685    -0.000000008     4.028594494    -0.000000176   20  325.37   55.37   90.00   90.00  -180.00    -0.00   10.37  100.37    0.00    0.00    0.00   90.00    -0.00
    5   17    10.00  -260.00    34.91191    36.99700     5.000     2.3034    -0.612359345    -0.000000000     0.612359345     0.000000027     2.220551968    -0.000000097   20  316.29   46.29   90.00   90.00  -180.00    -0.00    1.29   91.29    0.00    0.00    0.00   90.00     0.00
    5   18    10.00  -250.00    35.00203    36.99700     5.000     0.4238    -0.352774620    -0.000000000     0.352774620     0.000000015    -0.234910697     0.000000010   20  352.17  262.17   90.00   90.00    -0.00  -180.00  127.17   37.17    0.00    0.00    0.00   90.00    -0.00
    5   19    10.00  -240.00    35.09215    36.99700     5.000     4.0736     1.845374942     0.000000000    -1.845374942    -0.000000081    -3.631695747     0.000000159   20  310.53  220.53   90.00   90.00    -0.00  -180.00   85.53  355.53    0.00    0.00    0.00   90.00    -0.00
    5   20    10.00  -230.00    35.18227    36.99700     5.000     5.4822     2.231523275     0.000000000    -2.231523275    -0.000000098    -5.007506371     0.000000219   20  311.99  221.99   90.00   90.00    -0.00  -180.00   86.99  356.99    0.00    0.00    0.00   90.00    -0.00
    5   21    10.00  -220.00    35.27239    36.99700     5.000     3.6408     0.496465325     0.000000000    -0.496465325    -0.000000022    -3.606813908     0.000000158   20  320.08  230.08   90.00   90.00    -0.00  -180.00   95.08    5.08    0.00    0.00    0.00   90.00    -0.00
    5   22    10.00  -210.00    35.36251    36.99700     5.000     1.6656    -1.651854515    -0.000000000     1.651854515     0.000000072     0.213603318    -0.000000009   20  282.68   12.68   90.00   90.00  -180.00    -0.00  327.68   57.68    0.00    0.00    0.00   90.00    -0.00
    5   23    10.00  -200.00    35.45263    36.99700     5.000     6.5004    -3.917439461    -0.000000000     3.917439461     0.000000171     5.187436104    -0.000000227   20  305.47   35.47   90.00   90.00  -180.00    -0.00  350.47   80.47    0.00    0.00    0.00   90.00    -0.00
    5   24    10.00  -190.00    35.54274    36.99700     5.000    10.5738    -6.196670055    -0.000000000     6.196670055     0.000000271     8.567759514    -0.000000375   20  306.06   36.06   90.00   90.00  -180.00    -0.00  351.06   81.06    0.00    0.00    0.00   90.00    -0.00
    5   25    10.00  -180.00    35.63286    36.99700     5.000    11.5851    -6.566304207    -0.000000000     6.566304207     0.000000287     9.544543266    -0.000000417   20  306.74   36.74   90.00   90.00  -180.00    -0.00  351.74   81.74    0.00    0.00    0.00   90.00     0.00
    5   26    10.00  -170.00    35.72298    36.99700     5.000     9.4594    -4.943096638    -0.000000000     4.943096638     0.000000216     8.065135002    -0.000000353   20  308.25   38.25   90.00   90.00  -180.00    -0.00  353.25   83.25    0.00    0.00    0.00   90.00     0.00
    5   27    10.00  -160.00    35.81310    36.99700     5.000     5.9625    -2.674629211    -0.000000000     2.674629211     0.000000117     5.328909397    -0.000000233   20  310.67   40.67   90.00   90.00  -180.00    -0.00  355.67   85.67    0.00    0.00    0.00   90.00     0.00
    5   28    10.00  -150.00    35.90322    36.99700     5.000     4.5039    -0.538759470    -0.000000000     0.538759470     0.000000024     4.471568584    -0.000000195   20  320.56   50.56   90.00   90.00  -180.00    -0.00    5.56   95.56    0.00    0.00    0.00   90.00    -0.00
    5   29    10.00  -140.00    35.99334    36.99700     5.000     6.7259     0.653059483     0.000000000    -0.653059483    -0.000000029     6.694141388    -0.000000293   20  326.79   56.79   90.00   90.00  -180.00    -0.00   11.79  101.79    0.00    0.00    0.00   90.00     0.00
    5   30    10.00  -130.00    36.08346    36.99700     5.000     8.6713     1.170883417     0.000000000    -1.170883417    -0.000000051     8.591837883    -0.000000376   20  327.88   57.88   90.00   90.00  -180.00    -0.00   12.88  102.88    0.00    0.00    0.00   90.00    -0.00
    5   31    10.00  -120.00    36.17358    36.99700     5.000     7.9266     1.626574755     0.000000000    -1.626574755    -0.000000071     7.757939816    -0.000000339   20  329.92   59.92   90.00   90.00  -180.00    -0.00   14.92  104.92    0.00    0.00    0.00   90.00    -0.00
    5   32    10.00  -110.00    36.26369    36.99700     5.000     6.9062     4.002264500     0.000000000    -4.002264500    -0.000000175     5.628232956    -0.000000246   20  341.71   71.71   90.00   90.00  -180.00    -0.00   26.71  116.71    0.00    0.00    0.00   90.00    -0.00
    5   33    10.00  -100.00    36.35381    36.99700     5.000     5.7913     4.905402660     0.000000000    -4.905402660    -0.000000214     3.078421593    -0.000000135   20  352.94   82.94   90.00   90.00  -180.00    -0.00   37.94  127.94    0.00    0.00    0.00   90.00    -0.00
    5   34    10.00   -90.00    36.44393    36.99700     5.000     4.4416     2.869088173     0.000000000    -2.869088173    -0.000000125     3.390542030    -0.000000148   20  344.12   74.12   90.00   90.00  -180.00    -0.00   29.12  119.12    0.00    0.00    0.00   90.00    -0.00
    5   35    10.00   -80.00    36.53405    36.99700     5.000     4.1293     1.597661972     0.000000000    -1.597661972    -0.000000070     3.807665110    -0.000000166   20  335.38   65.38   90.00   90.00  -180.00    -0.00   20.38  110.38    0.00    0.00    0.00   90.00    -0.00
    5   36    10.00   -70.00    36.62417    36.99700     5.000     4.5153     1.051175833     0.000000000    -1.051175833    -0.000000046     4.391254902    -0.000000192   20  330.73   60.73   90.00   90.00  -180.00    -0.00   15.73  105.73    0.00    0.00    0.00   90.00     0.00
    5   37    10.00   -60.00    36.71429    36.99700     5.000     4.6552     0.389906526     0.000000000    -0.389906526    -0.000000017     4.638827801    -0.000000203   20  326.40   56.40   90.00   90.00  -180.00    -0.00   11.40  101.40    0.00    0.00    0.00   90.00    -0.00
    5   38    10.00   -50.00    36.80441    36.99700     5.000     3.9607    -0.059494257    -0.000000000     0.059494257     0.000000003     3.960243225    -0.000000173   20  323.57   53.57   90.00   90.00  -180.00    -0.00    8.57   98.57    0.00    0.00    0.00   90.00    -0.00
    5   39    10.00   -40.00    36.89453    36.99700     5.000     2.0376     0.048384309     0.000000000    -0.048384309    -0.000000002     2.037052155    -0.000000089   20  324.68   54.68   90.00   90.00  -180.00    -0.00    9.68   99.68    0.00    0.00    0.00   90.00     0.00
    5   40    10.00   -30.00    36.98465    36.99700     5.000     3.5309     3.398499489     0.000000000    -3.398499489    -0.000000149     0.957665563    -0.000000042   20  271.13  181.13   90.00   90.00    -0.00  -180.00   46.13  316.13    0.00    0.00    0.00   90.00     0.00
    5   41    10.00   -20.00    37.07476    36.99700     5.000     5.3865     4.411127567     0.000000000    -4.411127567    -0.000000193     3.091312885    -0.000000135   20  351.49   81.49   90.00   90.00  -180.00    -0.00   36.49  126.49    0.00    0.00    0.00   90.00    -0.00
    5   42    10.00   -10.00    37.16488    36.99700     5.000     6.1888     2.720346451     0.000000000    -2.720346451    -0.000000119     5.558905602    -0.000000243   20  337.04   67.04   90.00   90.00  -180.00    -0.00   22.04  112.04    0.00    0.00    0.00   90.00     0.00
    5   43    10.00     0.00    37.25500    36.99700     5.000     8.2565    -1.743689060    -0.000000000     1.743689060     0.000000076     8.070257187    -0.000000353   20  317.90   47.90   90.00   90.00  -180.00    -0.00    2.90   92.90    0.00    0.00    0.00   90.00     0.00
    5   44    10.00    10.00    37.34512    36.99700     5.000    10.1259    -5.677090645    -0.000000000     5.677090645     0.000000248     8.384761810    -0.000000367   20  306.95   36.95   90.00   90.00  -180.00    -0.00  351.95   81.95    0.00    0.00    0.00   90.00     0.00
    5   45    10.00    20.00    37.43524    36.99700     5.000     9.6644    -5.991125584    -0.000000000     5.991125584     0.000000262     7.583397865    -0.000000331   20  304.85   34.85   90.00   90.00  -180.00    -0.00  349.85   79.85    0.00    0.00    0.00   90.00     0.00
    5   46    10.00    30.00    37.52536    36.99700     5.000     6.2589    -3.232142448    -0.000000000     3.232142448     0.000000141     5.359737396    -0.000000234   20  308.45   38.45   90.00   90.00  -180.00    -0.00  353.45   83.45    0.00    0.00    0.00   90.00    -0.00
