    1    2   -10.00   -80.00    37.91768    38.14228    25.000     0.2236     0.113347851    -0.158099994     0.044752128    -0.061921712     0.123643503    -0.109079398   20  259.84   45.19   31.63   63.13   -59.52  -107.35  282.27  147.89   53.22   67.17   16.41   15.43    29.44
    1    3   -10.00   -75.00    37.92395    38.08588    25.000     0.4834     0.130124897    -0.311500013     0.181375131     0.005660124     0.245548874    -0.316189378   20  255.78   23.49   34.53   67.18   -43.18  -116.64  255.55  132.96   34.50   58.96   17.96   24.41    -4.32
    1    4   -10.00   -70.00    37.93022    38.02949    25.000     0.4873    -0.038716085    -0.055600006     0.094316088     0.077887639     0.280220956    -0.383189321   20  267.13    2.70   36.71   85.86    -6.94  -126.51  240.35  122.12    5.77   38.16   31.05   36.40   -11.82
    1    5   -10.00   -65.00    37.93649    37.97310    25.000     0.5755    -0.186026692     0.164199993     0.021826701     0.135652944     0.316723168    -0.429197639   20  274.17  168.68   33.97   79.80    18.48   122.57  233.27  111.49  342.23   27.47   45.37   32.00   -20.14
    1    6   -10.00   -60.00    37.94276    37.91671    25.000     0.6355    -0.329899579     0.231499970     0.098399609     0.204383984     0.357730210    -0.398028851   20  268.24  160.23   37.71   76.55    22.35   125.57  223.63  106.83  330.79   23.26   46.37   34.46   -33.95
    1    7   -10.00   -55.00    37.94903    37.86031    25.000     0.6882    -0.429933459     0.227799967     0.202133447     0.226413965     0.368566990    -0.399577945   20  261.80  158.11   42.18   77.89    18.20   130.72  218.26  106.65  327.88   22.07   42.24   39.63   -33.53
    1    8   -10.00   -50.00    37.95530    37.80392    25.000     0.7340    -0.425644100    -0.052500013     0.478144109     0.161315352     0.344069749    -0.437910974   20  252.07  343.35   50.44   88.45    -2.01  -140.42  215.23  110.51  345.22   28.00   25.54   50.40    18.13
    1    9   -10.00   -45.00    37.96157    37.74753    25.000     0.6431    -0.403222501    -0.183100000     0.586322486     0.045804560     0.266131669    -0.330945998   20  248.13  340.82   58.40   85.63    -5.13  -148.29  209.19  110.18  347.85   25.11   18.46   58.03    60.10
    1   10   -10.00   -40.00    37.96784    37.69114    25.000     0.5530    -0.388948411    -0.215499997     0.604448378    -0.090133600     0.153851286    -0.189286307   20  151.04   59.36   67.49   85.97  -175.64   -22.57   12.94  107.33  229.76   18.69   12.77   67.09    71.41
    1   11   -10.00   -35.00    37.97411    37.63475    25.000     0.4907    -0.207152233    -0.246000007     0.453152210    -0.150669575    -0.282027572     0.031638764   20   26.79  130.55   59.06   68.36   -25.47  -146.42  351.60  256.87  159.61   38.63    5.90   50.75    53.03
    1   12   -10.00   -30.00    37.98038    37.57835    25.000     0.5821     0.079683386    -0.584699988     0.505016565    -0.228921622    -0.030916514    -0.025911903   20  167.36   20.67   47.04   48.09  -114.12   -66.31    2.40   94.16  184.33   72.59    0.55   17.40   -45.54
    1   13   -10.00   -25.00    37.98665    37.52196    25.000     0.8348     0.027019525    -0.486900002     0.459880412    -0.123377696     0.675511837    -0.349370927   20  257.02   19.06   41.57   64.81   -39.91  -124.22  243.57  133.17   35.21   56.11   13.18   30.59    77.67
    1   14   -10.00   -20.00    37.99292    37.46557    25.000     2.1654    -0.325132519    -0.094000012     0.419132531     0.145977154     1.724427700    -1.244899273   20  271.42    2.68   54.55   88.24    -2.16  -144.53  233.00  131.36    5.14   25.58   22.86   54.49     3.14
    1   15   -10.00   -15.00    37.99919    37.40918    25.000     1.9934    -0.068815827     0.290300012    -0.221484154    -0.027548505     1.849070430    -0.722263038   20  279.75  187.91   67.85   85.50     4.86   157.78  235.87  141.66  357.05   12.19   18.78   67.35   -21.08
    1   16   -10.00   -10.00    38.00546    37.35279    25.000     3.8463    -0.041458018    -0.017600041     0.059057951     0.473619580     3.298214197    -1.950163841   20  275.82    8.04   59.82   86.19    -4.41  -149.75  236.19  137.99   14.55   23.74   17.97   59.53   -19.31
    1   17   -10.00    -5.00    38.01173    37.29639    25.000     4.9687     0.022380209    -0.281200051     0.258819848     0.822512150     4.158507824    -2.620531559   20  274.44    8.47   58.48   83.46    -7.68  -148.25  236.14  137.38   18.90   26.76   16.81   57.65   -20.77
    1   18   -10.00     0.00    38.01800    37.24000    25.000     5.1850     0.171332285    -0.489900053     0.318567842     0.977043152     4.337641239    -2.676772118   20  274.21    9.50   59.25   81.20   -10.25  -148.84  236.23  138.22   23.69   28.02   14.68   57.74   -20.52
    1   19   -10.00     5.00    38.02427    37.18361    25.000     4.6025     0.375136405    -0.632700145     0.257563531     0.944266200     3.917251348    -2.182726145   20  274.87   11.20   61.87   78.35   -13.24  -151.22  236.38  140.35   31.39   28.44   10.99   59.14   -16.77
    1   20   -10.00    10.00    38.03054    37.12722    25.000     3.5530     0.604301870    -0.616300106     0.011998266     0.792180657     3.118121147    -1.385836720   20  277.33   13.91   66.94   74.93   -16.41  -156.07  237.17  144.39   44.28   27.44    5.34   61.96    -8.84
    1   21   -10.00    15.00    38.03681    37.07082    25.000     2.5186     0.677861094    -0.306400061    -0.371461153     0.618385136     2.264436483    -0.701767087   20   16.80  282.27   73.51   75.05  -164.39   -17.09  239.30  329.73   62.25   22.53    1.05   67.44    -6.27
    1   22   -10.00    20.00    38.04308    37.01443    25.000     1.9746     0.664287090    -0.288300067    -0.375987172     0.491606653     1.772117972    -0.431278795   20   18.09  284.22   72.63   77.82  -167.23   -17.78  240.42  331.79   70.88   21.11    3.55   68.56     4.96
    1   23   -10.00    25.00    38.04935    36.95804    25.000     1.9603     0.282158524    -0.140500054    -0.141658470     0.650491357     1.633488417    -0.924466074   20  277.56   14.89   66.57   73.60   -17.92  -155.51  237.67  145.10   46.68   28.74    4.68   60.81   -42.49
    1   24   -10.00    30.00    38.05562    36.90165    25.000     1.5752     0.015495486     0.112599954    -0.128095478     0.485830992     1.473260999    -0.352819055   20   10.93  278.33   73.69   81.18  -170.81   -16.51  233.76  325.43   70.98   17.88    5.17   71.34   -34.07
    1   25   -10.00    35.00    38.06189    36.84526    25.000     1.4013    -0.144160107     0.503799975    -0.359639823     0.626295567     0.943028331    -0.898884416   20  296.50  160.22   23.36   72.67    48.72   105.90  237.77   92.52  335.37   26.01   59.30   15.16   -76.36
    1   26   -10.00    40.00    38.06816    36.78886    25.000     1.0474    -0.200386003     0.448899955    -0.248513937     0.501369715     0.556594372    -0.678223252   20  307.17  152.82   19.44   72.36    65.63    98.28  236.26   75.26  330.29   26.90   61.78    7.89   -52.68
    1   27   -10.00    45.00    38.07443    36.73247    25.000     0.6609    -0.082695432     0.458400011    -0.375704527     0.197860003     0.148640186    -0.443580091   20  346.16  164.33   21.36   68.65    91.70    89.33  254.84   73.16  164.57   23.65   66.34    0.62     6.14
    1   28   -10.00    50.00    38.08070    36.67608    25.000     0.5128     0.004510529     0.428499997    -0.433010489     0.098830990     0.021636732    -0.259167582   20   14.50  175.63   29.94   61.41   106.49    80.71  272.45   63.94  180.11   15.92   72.02    8.15     2.62
    1   29   -10.00    55.00    38.08697    36.61969    25.000     0.4851     0.013596494     0.362699986    -0.376296490     0.136167854     0.002740690    -0.283407211   20   22.18  171.92   27.80   65.51   117.30    76.40  272.07   57.05  177.64   19.42   66.72   12.35     6.58
    1   30   -10.00    60.00    38.09324    36.56330    25.000     0.2917     0.082896911     0.094899982    -0.177796885     0.131484121    -0.012870098    -0.209843114   20   45.98  159.17   26.01   79.13   154.52    66.23  268.41   42.70  163.92   30.14   50.25   23.32   -10.07
    1   31   -10.00    65.00    38.09951    36.50690    25.000     0.1301     0.076542057     0.008599991    -0.085142039     0.108521618    -0.019991340    -0.033522952   20   47.95  144.04   41.88   84.56   171.84    48.41  265.94   18.37  148.85   27.35   36.40   41.36    77.93
    1   32   -10.00    70.00    38.10578    36.45051    25.000     0.1713     0.033333570    -0.031600006    -0.001733564     0.085542530    -0.049900129     0.147945017   20  302.65   35.12    4.99   89.78   177.51    85.01  130.07  300.14   35.14   44.57   45.00    4.99   -65.67
    1   33   -10.00    75.00    38.11205    36.39412    25.000     0.2714    -0.013121918     0.143600002    -0.130478084    -0.019057637    -0.055163041     0.226855427   20  227.30    8.19   19.84   74.36   127.40    77.64  108.09  261.18   11.57   28.33   58.84   11.90     9.85
    1   34   -10.00    80.00    38.11832    36.33773    25.000     0.2164     0.033268873     0.068999998    -0.102268875    -0.056879450    -0.023739999     0.187003821   20  228.23  352.63   17.98   79.61   144.25    75.25   95.03  245.16  355.34   33.03   53.14   14.51   -11.54
    2    2    -5.00   -80.00    37.91768    38.14228    20.000     0.2866     0.074927755    -0.213100001     0.138172224    -0.087412260     0.095586576    -0.174160346   20  229.49   37.72   23.98   66.47   -79.22   -94.76  298.64  131.33   39.62   68.18   21.33    4.36    -5.68
    2    3    -5.00   -75.00    37.92395    38.08588    20.000     0.3890     0.060216721    -0.230299994     0.170083255    -0.120895609     0.183049336    -0.252785534   20  238.48   35.12   23.23   68.49   -68.36   -99.00  289.74  132.02   38.45   65.37   22.99    8.37    32.15
    2    4    -5.00   -70.00    37.93022    38.02949    20.000     0.4090    -0.121490963    -0.067100003     0.188590959    -0.003618409     0.268776894    -0.273161978   20  264.28  357.76   47.69   86.18    -5.17  -137.57  230.00  123.06    1.94   31.54   25.39   47.44    42.37
    2    5    -5.00   -65.00    37.93649    37.97310    20.000     0.5593    -0.318301499     0.145400003     0.172901481     0.068166420     0.375447273    -0.304678202   20  264.74  166.56   53.22   79.22    13.50   142.45  220.69  118.96  332.89   16.92   33.75   51.15   -16.84
    2    6    -5.00   -60.00    37.94276    37.91671    20.000     0.7654    -0.556705177     0.326200008     0.230505168     0.161637053     0.502680659    -0.327390641   20  263.20  160.46   52.15   74.16    20.23   140.37  216.33  114.81  322.21   13.94   38.82   47.81   -49.39
    2    7    -5.00   -55.00    37.94903    37.86031    20.000     0.9178    -0.734150469     0.361000001     0.373150468     0.209412947     0.567060173    -0.356929004   20  258.66  159.20   55.63   76.49    16.45   144.51  212.89  113.42  321.06   13.53   34.36   52.34   -51.30
    2    8    -5.00   -50.00    37.95530    37.80392    20.000     1.0045    -0.803500295     0.157000005     0.646500289     0.098827325     0.515949845    -0.435181081   20  252.93  158.32   63.50   80.85    10.24   153.13  208.22  112.58  320.90   11.72   25.34   61.72    -4.27
    2    9    -5.00   -45.00    37.96157    37.74753    20.000     0.9995    -0.790503323    -0.090300001     0.880803347    -0.049622461     0.417329371    -0.391314387   20  247.86  155.03   74.87   79.67    10.71   164.62  201.96  110.88  301.93    3.31   18.14   71.54    39.08
    2   10    -5.00   -40.00    37.96784    37.69114    20.000     1.0396    -0.720321536    -0.381500006     1.101821661    -0.284716994     0.266394287    -0.239657283   20  153.08   56.98   62.95   78.24  -166.77   -27.68   12.02  107.46  215.73   27.76   10.22   60.11    50.55
    2   11    -5.00   -35.00    37.97411    37.63475    20.000     1.0709    -0.638985038    -0.506399989     1.145385027    -0.311703205     0.346191317     0.020619944   20  159.53   57.35   64.32   66.30  -153.52   -28.24   17.88  108.81  200.55   36.20    1.27   53.77    46.28
    2   12    -5.00   -30.00    37.98038    37.57835    20.000     1.1191    -0.225896865    -0.841899991     1.067796826    -0.261802793     0.542521179    -0.194327101   20  188.28   45.08   41.14   55.02  -119.39   -66.79    8.49  118.76  211.26   69.69    7.30   18.84    55.68
    2   13    -5.00   -25.00    37.98665    37.52196    20.000     1.6302     0.004715580    -1.004600048     0.999884367    -0.280361861     1.321333289    -0.619851291   20  248.09   24.29   37.78   60.78   -52.84  -115.09  249.73  132.17   37.17   64.70   12.34   21.72    83.54
    2   14    -5.00   -20.00    37.99292    37.46557    20.000     3.2786    -0.266181052    -0.420599997     0.686780989     0.027780421     2.844037294    -1.548503757   20  272.93    4.80   61.18   86.61    -3.87  -151.12  232.71  135.25   10.92   22.50   17.40   60.94    20.89
    2   15    -5.00   -15.00    37.99919    37.40918    20.000     3.7871    -0.007955968    -0.064499997     0.072455853     0.009718937     3.567725182    -1.269098282   20  277.63    7.80   70.41   89.52    -0.51  -160.41  234.42  141.01    9.15   14.06   13.37   70.40     2.73
    2   16    -5.00   -10.00    38.00546    37.35279    20.000     5.8907     0.156282395    -0.170700058     0.014417648     0.522058249     5.355098724    -2.404039621   20  277.21    9.20   66.09   85.51    -4.91  -156.01  235.77  140.81   19.17   20.00   13.37   65.62    -9.05
    2   17    -5.00    -5.00    38.01173    37.29639    20.000     7.7207     0.545633793    -0.747800112     0.202166200     1.007977724     6.826066017    -3.409194708   20  276.54   10.56   63.78   81.91    -9.03  -153.50  236.57  140.92   26.33   24.33   12.29   62.38    -7.97
    2   18    -5.00     0.00    38.01800    37.24000    20.000     8.3800     0.778799415    -1.088700056     0.309900582     1.349040151     7.341104984    -3.697635174   20  276.15   11.32   63.67   79.67   -11.54  -153.20  236.65  141.30   30.86   26.13   10.77   61.42    -8.66
    2   19    -5.00     5.00    38.02427    37.18361    20.000     7.8403     0.965845585    -1.267000198     0.301154375     1.426692963     6.916437626    -3.212607861   20  276.37   12.21   65.30   77.51   -13.77  -154.66  236.57  142.43   36.75   26.63    8.20   61.94    -5.62
    2   20    -5.00    10.00    38.03054    37.12722    20.000     6.5604     1.054931879    -1.293699980     0.238768220     1.362512708     5.861965179    -2.323386192   20  276.87   13.12   68.01   74.90   -16.31  -157.18  236.29  143.96   44.89   26.68    4.62   62.86     0.62
    2   21    -5.00    15.00    38.03681    37.07082    20.000     5.4412     1.076384187    -1.062199950    -0.014184415     1.192770958     4.881917953    -1.791028738   20  278.16   14.23   69.74   74.02   -17.06  -158.88  236.97  145.56   49.70   26.07    2.88   63.74     1.29
    2   22    -5.00    20.00    38.04308    37.01443    20.000     4.1847     1.033495426    -0.849500120    -0.183995306     1.015806079     3.793340683    -1.095185637   20   15.28  279.82   72.30   73.40  -162.55   -18.50  237.36  327.70   59.32   24.65    0.74   65.34     7.75
    2   23    -5.00    25.00    38.04935    36.95804    20.000     3.5667     0.449208438    -0.365200132    -0.084008187     1.110530376     3.136801720    -1.282020688   20  277.27   13.50   71.12   72.42   -18.62  -160.15  235.63  145.19   53.42   26.26    0.87   63.72   -24.75
    2   24    -5.00    30.00    38.05562    36.90165    20.000     2.9318    -0.001892639     0.153899908    -0.152007252     1.074885607     2.497122765    -1.378318667   20  275.18   10.92   67.17   76.64   -14.52  -156.50  234.76  141.64   38.90   25.96    6.37   63.16   -57.22
    2   25    -5.00    35.00    38.06189    36.84526    20.000     2.2901    -0.214729130     0.599999905    -0.385270774     0.959962070     1.559412718    -1.560788631   20  279.67  170.13   30.87   78.70    22.46   118.92  237.37  111.00  343.96   27.93   48.20   28.30   -74.43
    2   26    -5.00    40.00    38.06816    36.78886    20.000     1.7949    -0.142481774     0.785799861    -0.643318117     0.754940152     0.681629658    -1.319170713   20  324.08  158.15   16.41   74.06    76.48    93.94  244.97   73.85  337.07   28.95   60.75    3.79   -33.14
    2   27    -5.00    45.00    38.07443    36.73247    20.000     0.9811     0.029014112     0.796400011    -0.825414062     0.232433230     0.106064931    -0.489111573   20   11.51  170.83   29.76   61.86   108.14    79.91  268.24   58.05  175.63   16.28   71.33    8.89    -3.05
    2   28    -5.00    50.00    38.08070    36.67608    20.000     0.9551     0.058595717     0.786099970    -0.844695628     0.178813130     0.031927221    -0.461101413   20   16.67  175.84   30.98   60.70   108.06    79.45  273.55   60.75  181.05   15.08   72.23    9.18    -6.87
    2   29    -5.00    55.00    38.08697    36.61969    20.000     0.7354     0.075592466     0.539399981    -0.614992380     0.157344654    -0.009492225    -0.424028456   20   23.74  175.26   28.55   64.44   115.48    76.83  275.04   59.96  181.03   18.43   67.85   11.87   -10.88
    2   30    -5.00    60.00    38.09324    36.56330    20.000     0.3779     0.158707634     0.125400007    -0.284107655     0.131660774    -0.010269610    -0.262834251   20   48.69  159.61   31.51   77.65   155.85    60.78  272.37   37.90  166.43   26.85   48.94   28.48   -37.35
    2   31    -5.00    65.00    38.09951    36.50690    20.000     0.2087     0.140726611    -0.078200012    -0.062526613     0.168864265    -0.007581612    -0.046854623   20   72.57  295.13   19.87   75.10  -130.82   -76.71  222.93   14.44  111.66   57.87   28.89   12.83    45.36
    2   32    -5.00    70.00    38.10578    36.45051    20.000     0.1602     0.071629003     0.028699988    -0.100328982     0.113595508    -0.026840735     0.064739481   20  158.36   59.47   35.30   83.75    10.85   124.81  121.68    1.72  235.14   30.01   40.85   34.58    17.38
    2   33    -5.00    75.00    38.11205    36.39412    20.000     0.1766     0.065306373     0.027399993    -0.092706367     0.066942610    -0.025199052     0.146643743   20  152.36   38.18   19.35   81.81    25.45   107.59  113.14  327.67  215.59   34.51   50.16   17.41   -53.73
    2   34    -5.00    80.00    38.11832    36.33773    20.000     0.0832     0.060471702    -0.037599999    -0.022871703     0.027197022    -0.010729357     0.062998191   20  133.17  244.43   42.24   71.77   -27.73  -128.79  112.85    2.12  258.54   48.13   17.60   36.52   -61.75
    3    2     0.00   -80.00    37.91768    38.14228    15.000     0.0890     0.038800258    -0.083700001     0.044899736    -0.058179054     0.007551927    -0.017870877   20  234.58   71.06   24.67   66.23  -105.04   -83.20  354.00  155.91  248.31   68.06   20.95    6.22   -70.90
    3    3     0.00   -75.00    37.92395    38.08588    15.000     0.1101    -0.036501080    -0.063100003     0.099601083    -0.042183813     0.053203598    -0.023903482   20  172.44   57.46   46.73   65.83  -145.79   -48.70   14.96  119.04  217.67   50.73   11.25   37.03    48.25
    3    4     0.00   -70.00    37.93022    38.02949    15.000     0.2426    -0.149535418    -0.061600000     0.211135417    -0.015386603     0.152916551    -0.062247194   20  253.73  162.82   80.42   84.63     5.45   170.38  208.55  117.99  313.90    2.95   10.60   78.99    52.42
    3    5     0.00   -65.00    37.93649    37.97310    15.000     0.4339    -0.317767262     0.038600001     0.279167235     0.025643179     0.284450352    -0.129289418   20  255.56  163.91   72.26   84.86     5.40   162.18  210.98  118.42  328.33    8.75   16.19   71.48    -7.94
    3    6     0.00   -60.00    37.94276    37.91671    15.000     0.6802    -0.558359265     0.186199993     0.372159302     0.042809647     0.452173620    -0.173833817   20  256.21  163.24   71.68   81.11     9.37   161.45  210.81  118.52  318.51    6.49   19.37   69.49   -39.04
    3    7     0.00   -55.00    37.94903    37.86031    15.000     0.8672    -0.778302908     0.270599991     0.507702887     0.019138508     0.523129582    -0.203719035   20  254.15  160.45   72.50   78.41    12.16   162.13  208.02  116.48  308.52    4.04   20.77   68.80   -42.52
    3    8     0.00   -50.00    37.95530    37.80392    15.000     1.0054    -0.911139369     0.136600003     0.774539351    -0.083291613     0.498804808    -0.190546364   20  157.48  249.19   79.09   81.21   171.05    11.04   23.15  113.52  287.25    1.48   14.00   75.92   -16.42
    3    9     0.00   -45.00    37.96157    37.74753    15.000     1.0910    -0.904549479    -0.164099976     1.068649530    -0.218793511     0.389026552    -0.105880618   20  154.19   63.06   76.33   85.39  -175.26   -13.72   17.88  109.34  224.85   12.94    6.33   75.55    23.36
    3   10     0.00   -40.00    37.96784    37.69114    15.000     1.2564    -0.728958070    -0.565999985     1.294957995    -0.462865829     0.282822609     0.208813667   20   53.95  158.38   59.68   66.92   -27.00  -146.72   18.51  284.75  189.22   39.35    4.58   50.28    26.43
    3   11     0.00   -35.00    37.97411    37.63475    15.000     1.5489    -0.617757618    -0.841199994     1.458957553    -0.593416989     0.541049123     0.399803162   20   56.40  167.88   53.43   63.72   -33.45  -138.36   26.76  289.99  194.35   47.25    6.21   42.08    17.17
    3   12     0.00   -30.00    37.98038    37.57835    15.000     1.8640    -0.452585131    -1.166900039     1.619485140    -0.526720464     1.166935086     0.002115220   20  179.18   63.74   53.50   59.87  -141.35   -43.46   28.14  122.78  215.82   50.86    3.77   38.89    54.50
    3   13     0.00   -25.00    37.98665    37.52196    15.000     1.9749    -0.020465327    -1.225900054     1.246365309    -0.624528348     1.539442420    -0.203700006   20  188.68   70.96   48.21   62.51  -141.74   -48.70   31.65  132.82  228.88   52.91    8.33   35.83    64.31
    3   14     0.00   -20.00    37.99292    37.46557    15.000     3.1393    -0.064491853    -0.681800008     0.746291816    -0.410538256     3.040544033    -0.649961352   20  274.73  183.92   80.32   85.29     4.78   170.29  229.63  139.01  338.28    3.49   10.19   79.22    45.76
    3   15     0.00   -15.00    37.99919    37.40918    15.000     5.0120    -0.045873642    -0.322200000     0.368073523     0.030757027     4.826833725    -1.327539086   20  276.67    7.06   74.50   88.58    -1.47  -164.50  232.92  140.82   12.17   11.91    9.87   74.44    11.13
    3   16     0.00   -10.00    38.00546    37.35279    15.000     7.1257     0.305112213    -0.531400025     0.226287782     0.483953744     6.741518021    -2.213387489   20  277.37    9.06   71.60   84.94    -5.34  -161.52  234.65  141.86   23.86   16.60    9.25   70.87     4.44
    3   17     0.00    -5.00    38.01173    37.29639    15.000     9.2767     0.867847741    -1.160699964     0.292852283     1.126550794     8.552140236    -3.251255989   20  277.24   10.76   68.85   80.98    -9.68  -158.57  235.74  142.46   32.55   21.47    8.29   66.83     3.08
    3   18     0.00     0.00    38.01800    37.24000    15.000    10.2306     1.228827953    -1.677800298     0.448972285     1.597484708     9.323036194    -3.600109577   20  276.88   11.60   68.31   78.30   -12.61  -157.83  235.87  142.86   38.06   23.87    6.77   65.07     3.81
    3   19     0.00     5.00    38.02427    37.18361    15.000     9.8949     1.431986213    -1.929500222     0.497513890     1.772297502     9.011164665    -3.263201475   20  276.87   12.22   69.08   76.28   -14.71  -158.43  235.78  143.52   43.18   24.85    4.87   64.62     6.95
    3   20     0.00    10.00    38.03054    37.12722    15.000     8.5912     1.432930946    -1.789300203     0.356368959     1.743185520     7.841537952    -2.587577820   20  277.22   12.79   70.49   74.68   -16.28  -159.74  235.73  144.41   48.39   25.02    2.83   64.80     8.55
    3   21     0.00    15.00    38.03681    37.07082    15.000     7.0244     1.432386637    -1.549300194     0.116913497     1.559824586     6.422180176    -1.887180448   20  278.15   13.73   72.13   73.22   -17.66  -161.30  236.13  145.78   54.20   24.91    0.74   65.08    11.47
    3   22     0.00    20.00    38.04308    37.01443    15.000     6.0034     1.083423972    -1.199200273     0.115776181     1.649145365     5.305589199    -1.968743324   20  277.11   14.08   70.06   71.50   -19.73  -158.92  235.88  145.37   53.54   27.75    0.96   62.23    -4.89
    3   23     0.00    25.00    38.04935    36.95804    15.000     4.6460     0.653202474    -0.575600147    -0.077602386     1.544731617     3.910400629    -2.013308525   20  276.53   14.33   67.35   71.98   -19.59  -156.11  236.41  144.68   49.27   29.41    3.07   60.40   -33.11
    3   24     0.00    30.00    38.05562    36.90165    15.000     3.6388     0.234773576     0.037599873    -0.272373438     1.479059696     2.746904850    -2.285396099   20  273.82   10.66   55.88   80.03   -12.07  -145.28  237.81  137.84   24.69   31.27   15.91   54.05   -69.89
    3   25     0.00    35.00    38.06189    36.84526    15.000     2.8561     0.051658336     0.419599891    -0.471258223     1.112421751     1.622313142    -2.248967648   20  279.25  172.63   25.64   82.18    18.32   114.50  242.22  108.19  349.09   32.77   47.19   24.26   -66.42
    3   26     0.00    40.00    38.06816    36.78886    15.000     1.7967     0.161292553     0.565999985    -0.727292538     0.586682916     0.692281365    -1.472075582   20  319.86  167.72   15.27   76.43    62.99    97.07  251.89   87.17  346.05   31.08   58.00    6.87   -50.26
    3   27     0.00    45.00    38.07443    36.73247    15.000     1.1004     0.278479308     0.797399998    -1.075879335     0.160152748     0.124269918    -0.538855076   20   13.79  174.62   30.68   60.73   106.65    80.35  271.67   61.37  179.37   15.21   72.52    8.41   -44.20
    3   28     0.00    50.00    38.08070    36.67608    15.000     1.1214     0.220757037     0.800100029    -1.020857096     0.182115853     0.073255375    -0.619685054   20   16.72  175.40   28.70   62.98   108.90    79.95  272.83   63.91  180.00   17.39   70.31    8.95   -33.06
    3   29     0.00    55.00    38.08697    36.61969    15.000     0.8718     0.207545489     0.538500011    -0.746045530     0.121808521     0.047253132    -0.572115362   20   17.27  177.12   24.91   66.45   108.41    81.66  273.43   71.56  180.47   21.03   67.50    7.64   -40.66
    3   30     0.00    60.00    38.09324    36.56330    15.000     0.5090     0.178975523     0.186900005    -0.365875483     0.115291417     0.023501027    -0.402875274   20   36.10  169.08   21.71   74.82   134.92    74.30  271.61   58.29  173.29   28.15   57.37   15.14   -52.24
    3   31     0.00    65.00    38.09951    36.50690    15.000     0.2473     0.139664665    -0.113300018    -0.026364662     0.130770564     0.013609130    -0.175306305   20   74.10  317.00   25.11   77.95  -150.53   -67.80  252.71   29.13  132.14   51.99   29.52   21.68   -47.77
    3   32     0.00    70.00    38.10578    36.45051    15.000     0.1841     0.088873692    -0.085400015    -0.003473675     0.118943527     0.007310377    -0.114864103   20   78.91  313.31   19.55   78.32  -142.78   -74.21  242.44   30.27  130.04   54.04   31.55   15.45   -37.93
    3   33     0.00    75.00    38.11205    36.39412    15.000     0.1214     0.049427055    -0.048500009    -0.000927046     0.102419965    -0.005992402    -0.042560089   20   91.41  299.10   13.10   78.36  -117.08   -83.95  216.81   24.00  117.88   56.25   33.09    5.92    -2.62
    3   34     0.00    80.00    38.11832    36.33773    15.000     0.0906     0.040240191    -0.087200001     0.046959814     0.051255740    -0.020208949    -0.010468455   20  153.36  308.76   30.70   61.63   -68.51  -102.27  191.68   47.75  314.66   70.72   15.78   10.78   -55.89
    4    2     5.00   -80.00    37.91768    38.14228    10.000     0.0827    -0.028797673    -0.006500003     0.035297669     0.031263549    -0.020112664     0.066397220   20  308.43  213.08   27.05   87.27  -173.99   -63.08  148.41  279.58   31.69   41.56   36.59   26.89     6.33
    4    3     5.00   -75.00    37.92395    38.08588    10.000     0.1206    -0.100528024    -0.002700005     0.103228025     0.052343961     0.019160865     0.032804117   20  329.45  237.78   59.58   87.16  -176.70   -30.47  189.30  287.69   52.96   23.15   18.84   59.41    -8.90
    4    4     5.00   -70.00    37.93022    38.02949    10.000     0.2055    -0.176391810     0.006400001     0.169991806    -0.006250998     0.108775645     0.018611146   20   69.12  339.00   84.55   88.78     1.23   174.55   24.18  293.94  146.41    2.98    4.71   84.42    -5.42
    4    5     5.00   -65.00    37.93649    37.97310    10.000     0.3914    -0.334062487     0.071800001     0.262262493     0.017384311     0.252912700    -0.010886531   20  253.13  343.17   87.77   88.98    -1.02  -177.77  208.17  118.13    7.72    2.30    0.86   87.54   -33.92
    4    6     5.00   -60.00    37.94276    37.91671    10.000     0.6139    -0.572247207     0.248099998     0.324147195    -0.069215946     0.399745554    -0.057896461   20  162.77  255.39   75.91   79.68   169.35    14.32   28.69  119.51  290.46    2.60   17.39   72.41   -62.05
    4    7     5.00   -55.00    37.94903    37.86031    10.000     0.8285    -0.793643236     0.260699987     0.532943368    -0.153630137     0.475075245    -0.014118613   20  160.94  251.14   79.51   88.93   178.91    10.49   25.56  116.52  256.92    6.63    8.16   79.46   -55.79
    4    8     5.00   -50.00    37.95530    37.80392    10.000     0.9966    -0.971008599     0.213800028     0.757208526    -0.203768224     0.461601049     0.058813281   20   66.68  157.39   83.14   84.11    -5.93  -173.11   22.09  291.98  197.70    9.03    0.68   80.95   -44.17
    4    9     5.00   -45.00    37.96157    37.74753    10.000     1.1509    -0.944918156    -0.201499969     1.146418095    -0.266157866     0.335262239     0.167185009   20   60.68  153.35   73.55   81.02    -9.37  -163.34   17.90  286.21  180.89   18.10    5.16   71.13    19.55
    4   10     5.00   -40.00    37.96784    37.69114    10.000     1.6292    -0.775873721    -0.800700009     1.576573730    -0.600451112     0.343599260     0.584218979   20   52.39  161.84   49.35   68.81   -28.45  -135.68   25.38  282.96  182.14   45.74   11.83   41.84    23.15
    4   11     5.00   -35.00    37.97411    37.63475    10.000     2.0986    -0.458284885    -1.383599997     1.841884851    -0.806222022     0.611065269     0.788771808   20   50.95  173.02   44.41   62.52   -41.25  -126.37   34.03  288.25  191.79   56.24   10.30   31.74    -0.10
    4   12     5.00   -30.00    37.98038    37.57835    10.000     2.2019    -0.187588438    -1.328099966     1.515688181    -1.161790371     0.586267710     1.147376180   20   50.70  170.55   38.16   68.64   -36.12  -122.40   39.88  283.94  183.56   54.44   17.36   29.94   -42.90
    4   13     5.00   -25.00    37.98665    37.52196    10.000     2.3407     0.027866358    -1.358600020     1.330733657    -1.136892796     1.240391254     1.001117945   20   70.32  185.98   51.63   61.33   -37.74  -134.97   43.25  306.12  211.58   51.10    5.72   38.32   -36.26
    4   14     5.00   -20.00    37.99292    37.46557    10.000     3.2260     0.089638941    -1.051900029     0.962260962    -0.866354764     2.888429165     0.664089441   20  187.53   89.79   69.21   70.45  -159.03   -22.13   48.40  138.86  230.33   29.18    0.82   60.80    25.76
    4   15     5.00   -15.00    37.99919    37.40918    10.000     5.4633     0.017857004    -0.746500015     0.728643000    -0.236419708     5.426244259    -0.512894928   20  276.22  186.08   85.04   88.40     1.61   175.04  231.24  141.05  348.22    2.37    4.64   84.78    26.74
    4   16     5.00   -10.00    38.00546    37.35279    10.000     7.8989     0.249819413    -0.712400019     0.462580800     0.412554651     7.720142365    -1.557339787   20  277.21    8.10   78.14   85.78    -4.31  -168.11  233.21  142.13   27.37   11.39    5.35   77.39    12.50
    4   17     5.00    -5.00    38.01173    37.29639    10.000    10.0324     0.802250803    -1.187899947     0.385649025     1.091243505     9.641719818    -2.370599270   20  277.62    9.73   75.46   81.93    -8.34  -165.31  234.34  143.05   37.89   16.07    4.49   73.28    10.65
    4   18     5.00     0.00    38.01800    37.24000    10.000    11.1596     1.226388693    -1.691800237     0.465411186     1.676756382    10.579300880    -2.794638157   20  277.49   10.67   74.15   78.96   -11.48  -163.84  234.69  143.53   44.13   19.18    3.31   70.52    10.97
    4   19     5.00     5.00    38.02427    37.18361    10.000    11.1029     1.444871426    -1.966900229     0.522028923     1.959219694    10.457592964    -2.712830782   20  277.40   11.20   74.02   77.00   -13.54  -163.58  234.71  143.94   48.57   20.72    2.04   69.17    12.72
    4   20     5.00    10.00    38.03054    37.12722    10.000     9.8727     1.494179606    -1.981100202     0.486920297     1.880674124     9.292390823    -2.220773697   20  277.55   11.59   74.56   75.71   -14.84  -164.06  234.73  144.43   52.42   21.27    0.78   68.71    16.55
    4   21     5.00    15.00    38.03681    37.07082    10.000     8.3263     1.334881663    -1.652700186     0.317818224     1.993160725     7.723256111    -1.890908003   20   12.25  277.48   73.19   74.59  -163.89   -17.46  234.64  325.05   57.29   23.10    0.96   66.88    11.33
    4   22     5.00    20.00    38.04308    37.01443    10.000     7.0383     0.880539954    -1.173500180     0.292960107     2.137492657     6.216287613    -2.315755367   20  275.96   12.73   70.74   71.35   -19.80  -159.62  234.46  144.25   53.45   27.35    0.41   62.65   -12.55
    4   23     5.00    25.00    38.04935    36.95804    10.000     5.5302     0.531728566    -0.549000144     0.017271578     2.034055471     4.460701942    -2.808445930   20  274.59   13.11   63.68   73.33   -18.67  -152.43  236.06  142.21   41.89   31.09    6.35   58.12   -47.07
    4   24     5.00    30.00    38.05562    36.90165    10.000     3.8291     0.433299810     0.125699848    -0.558999658     1.683826447     2.526218653    -2.844943523   20  273.11    4.64   40.48   88.69    -2.01  -130.46  241.20  127.18    5.76   33.64   31.45   40.45   -81.80
    4   25     5.00    35.00    38.06189    36.84526    10.000     2.8224     0.411255896     0.245099917    -0.656355858     1.184580326     1.396120071    -2.346373081   20  287.20  169.26   16.87   81.91    29.00   104.85  246.43   95.97  347.12   35.25   50.91   14.70   -73.77
    4   26     5.00    40.00    38.06816    36.78886    10.000     1.9081     0.365695059     0.404099941    -0.769795001     0.654599249     0.865624428    -1.581690311   20  310.23  169.88   15.58   77.88    51.40    99.87  251.65   92.42  347.79   32.18   56.05    9.65   -69.54
    4   27     5.00    45.00    38.07443    36.73247    10.000     1.2461     0.447720081     0.693599999    -1.141320109     0.259912968     0.217525989    -0.768708110   20   20.99  167.69   27.34   66.63   120.26    75.40  268.65   52.42  173.59   20.34   65.31   13.38   -60.00
    4   28     5.00    50.00    38.08070    36.67608    10.000     1.0958     0.428141415     0.563600004    -0.991741359     0.177582070     0.093820818    -0.735442638   20   25.68  171.90   25.78   68.13   121.07    76.00  272.52   58.78  177.20   21.92   64.18   12.97   -62.31
    4   29     5.00    55.00    38.08697    36.61969    10.000     0.7686     0.390771270     0.184799999    -0.575571299     0.143530190     0.066558391    -0.634701312   20   45.18  165.18   23.70   77.62   147.77    69.63  271.65   51.02  169.73   29.73   53.04   19.88   -75.58
    4   30     5.00    60.00    38.09324    36.56330    10.000     0.5587     0.339789569    -0.272599995    -0.067189582     0.208148032     0.039520260    -0.459301263   20   76.81  321.94   28.39   77.20  -152.22   -64.44  261.04   31.78  135.89   51.15   27.73   24.88   -69.12
    4   31     5.00    65.00    38.09951    36.50690    10.000     0.4526     0.206578329    -0.428200006     0.221621662     0.181054249     0.008454233    -0.265081882   20  162.13  336.73   22.54   67.55   -85.01   -92.07  242.93   68.31  337.52   67.39   22.52    1.91   -77.79
    4   32     5.00    70.00    38.10578    36.45051    10.000     0.3453     0.115490459    -0.329499990     0.214009538     0.179212317    -0.005074350    -0.142040789   20  179.74  334.17   27.71   64.65   -67.03  -101.58  221.65   72.79  339.18   68.24   18.86   10.45   -71.55
    4   33     5.00    75.00    38.11205    36.39412    10.000     0.1942     0.058774557    -0.167099997     0.108325437     0.104590528    -0.026245762    -0.083153047   20  167.04  326.37   24.93   66.50   -71.12   -98.55  220.49   62.84  329.81   67.40   21.05    7.84   -50.76
    4   34     5.00    80.00    38.11832    36.33773    10.000     0.0423    -0.005483577     0.011799999    -0.006316421     0.014281279    -0.033378236    -0.019704189   20   91.34  193.21   61.22   69.47   156.42    30.94  320.74   54.61  223.54    5.31   36.04   53.44    23.62
    5    2    10.00   -80.00    37.91768    38.14228     5.000     0.0915    -0.040114839     0.062000006    -0.021885170    -0.075032882     0.008205477    -0.010040270   20  117.25  275.60   18.24   72.97   110.66    83.37   10.89  175.75  277.55   27.67   61.49    6.34    44.79
    5    3    10.00   -75.00    37.92395    38.08588     5.000     0.1278    -0.093294725     0.012500009     0.080794699    -0.099817947     0.035273664    -0.001102707   20  161.09   69.44   47.17   88.21  -177.57   -42.85   16.28  123.75  247.51   30.18   27.30   47.12   -74.67
    5    4    10.00   -70.00    37.93022    38.02949     5.000     0.2205    -0.196096048     0.035400007     0.160696030    -0.082305729     0.106971264     0.019434385   20  159.75   67.37   77.47   79.41  -169.15   -12.75   23.35  113.75  208.28   16.46    1.34   73.48   -48.10
    5    5    10.00   -65.00    37.93649    37.97310     5.000     0.3767    -0.373542637     0.217700005     0.155842677    -0.133926511     0.236502498     0.031063324   20  159.09  265.41   52.40   69.95   154.37    40.51   28.61  128.72  287.28   10.90   42.36   45.58   -92.48
    5    6    10.00   -60.00    37.94276    37.91671     5.000     0.6165    -0.603655696     0.374599993     0.229055792    -0.243360758     0.348018408     0.030123863   20  148.21  274.94   41.25   62.33   135.22    58.10   27.37  137.85  291.06   11.73   59.32   27.91   -83.68
    5    7    10.00   -55.00    37.94903    37.86031     5.000     0.8336    -0.856584549     0.464300066     0.392284572    -0.375167608     0.432434291     0.079157084   20  150.37  270.03   41.91   66.05   142.58    54.52   25.03  135.17  286.16   13.84   54.41   32.04   -92.91
    5    8    10.00   -50.00    37.95530    37.80392     5.000     1.0212    -0.989589095     0.287300050     0.702289104    -0.420542777     0.400231838     0.213045061   20   64.02  154.54   66.99   88.78    -1.33  -156.99   21.66  286.93  157.42   16.95   15.15   66.95   -64.85
    5    9    10.00   -45.00    37.96157    37.74753     5.000     1.1742    -0.941342533    -0.097499967     1.038842559    -0.408380210     0.263709188     0.393796802   20   59.00  151.85   61.23   84.82    -5.92  -151.10   19.26  281.95  161.15   23.84   16.05   60.68    -1.23
    5   10    10.00   -40.00    37.96784    37.69114     5.000     1.7527    -0.590443909    -0.810999870     1.401443720    -0.840995431     0.011111125     0.939196169   20   41.56  156.44   35.37   73.37   -29.64  -121.68   30.13  270.05  166.46   51.17   21.97   30.21     6.69
    5   11    10.00   -35.00    37.97411    37.63475     5.000     2.4947    -0.243839994    -1.269799948     1.513639808    -1.292270303     0.046071235     1.618804812   20   32.49  158.72   24.50   74.93   -38.84  -109.54   43.82  264.16  163.99   55.83   27.36   18.84   -19.77
    5   12    10.00   -30.00    37.98038    37.57835     5.000     2.8169     0.093108326    -1.482399702     1.389291406    -1.525406480     0.068516031     1.935440063   20   23.13  157.52   19.19   76.32   -46.03  -103.58   49.95  258.58  160.79   56.63   30.04   13.19   -34.42
    5   13    10.00   -25.00    37.98665    37.52196     5.000     2.9529     0.254326224    -1.500199795     1.245873690    -1.552160859     0.963469625     2.098503590   20   56.27  172.74   28.86   76.20   -29.62  -115.60   52.99  282.75  179.26   52.00   26.78   24.81   -64.17
    5   14    10.00   -20.00    37.99292    37.46557     5.000     3.4885     0.186946675    -1.309399962     1.122453213    -1.162954688     2.694240093     1.438042760   20   85.85  190.07   59.59   67.28   -26.60  -146.72   50.44  316.46  220.55   39.12    4.87   50.46    -7.79
    5   15    10.00   -15.00    37.99919    37.40918     5.000     5.7558    -0.011705714    -1.046200037     1.057905555    -0.412134141     5.713623047     0.036093023   20  185.38   95.23   85.43   88.22  -178.21    -4.57   50.23  140.38  253.97    4.49    1.97   85.10    32.82
    5   16    10.00   -10.00    38.00546    37.35279     5.000     8.3165     0.187734857    -0.740199983     0.552465081     0.297787786     8.249608994    -0.948385894   20  277.22    7.56   83.08   87.16    -2.86  -173.07  232.56  142.21   29.71    6.90    2.88   82.51    15.22
    5   17    10.00    -5.00    38.01173    37.29639     5.000    10.2688     0.622351825    -1.013700008     0.391348362     0.970537603    10.057861328    -1.692802072   20  277.76    8.95   79.80   83.38    -6.73  -169.73  233.62  143.09   41.42   11.93    2.51   77.80    12.03
    5   18    10.00     0.00    38.01800    37.24000     5.000    11.4759     1.015015244    -1.537600279     0.522585154     1.544014335    11.102351189    -2.173467159   20  277.62    9.70   77.82   80.44    -9.78  -167.65  233.92  143.42   46.89   15.46    1.82   74.43    13.84
    5   19    10.00     5.00    38.02427    37.18361     5.000    11.6604     1.242763519    -1.931700230     0.688936234     1.923840880    11.183039665    -2.249848843   20  277.33   10.12   76.97   78.14   -12.17  -166.68  233.86  143.60   51.07   17.74    0.81   72.24    16.28
    5   20    10.00    10.00    38.03054    37.12722     5.000    10.7157     1.293392897    -1.947700262     0.654307187     2.101906061    10.210827827    -1.969135165   20   10.51  277.26   76.14   77.05  -166.66   -14.23  233.77  323.98   55.78   19.13    0.62   70.85    17.00
    5   21    10.00    15.00    38.03681    37.07082     5.000     8.8031     1.069380522    -1.436400294     0.367019534     2.168375492     8.283069611    -1.632306337   20   11.04  277.32   73.78   77.41  -166.88   -16.63  233.68  324.62   61.20   20.59    2.49   69.25     9.95
    5   22    10.00    20.00    38.04308    37.01443     5.000     7.0583     0.616460919    -0.987400234     0.370939374     2.284879923     6.325683594    -1.999263167   20   11.56  275.64   70.77   73.54  -162.54   -20.09  233.10  324.00   57.88   25.67    1.87   64.25   -12.63
    5   23    10.00    25.00    38.04935    36.95804     5.000     5.7193     0.328672796    -0.402800173     0.074127257     2.271264315     4.603721619    -2.913353920   20  273.75   12.10   64.14   73.33   -18.59  -152.92  235.00  141.38   41.39   30.75    6.06   58.53   -52.79
    5   24    10.00    30.00    38.05562    36.90165     5.000     4.1205     0.331323177     0.119099833    -0.450423002     1.822937250     2.602037430    -3.127734900   20  271.72  180.28   35.28   88.98     1.76   125.27  240.63  120.65  359.56   34.38   36.14   35.26   -78.75
    5   25    10.00    35.00    38.06189    36.84526     5.000     3.0054     0.519584775     0.284899890    -0.804484606     1.085774064     1.191643476    -2.630589962   20  296.73  170.20   13.08   82.12    37.25   100.48  251.02   92.20  348.75   36.29   51.78   10.38   -64.07
    5   26    10.00    40.00    38.06816    36.78886     5.000     1.5770     0.648003697     0.344699949    -0.992703736     0.491526067     0.445060998    -1.295096636   20   28.69  160.51   18.43   77.48   136.68    76.37  261.73   53.40  163.52   31.17   55.51   13.29   -74.60
    5   27    10.00    45.00    38.07443    36.73247     5.000     1.2874     0.556573510     0.662699997    -1.219273448     0.258768529     0.197807580    -0.799365759   20   28.33  165.58   29.09   67.77   128.93    70.73  270.01   45.45  173.11   20.51   62.30   17.79   -67.56
    5   28    10.00    50.00    38.08070    36.67608     5.000     1.0520     0.543255150     0.405699998    -0.948955119     0.213222057     0.133318990    -0.734674990   20   40.56  161.12   30.52   73.31   145.57    64.07  270.90   39.11  169.08   23.96   54.31   24.77   -74.93
    5   29    10.00    55.00    38.08697    36.61969     5.000     0.6772     0.451025665    -0.045500014    -0.405525655     0.200308353     0.065901682    -0.529980183   20   58.61  323.25   41.31   85.31  -172.88   -48.91  268.36   21.41  139.17   36.08   28.25   40.93   -64.95
    5   30    10.00    60.00    38.09324    36.56330     5.000     0.5408     0.381733239    -0.503199995     0.121466734     0.187629104     0.016717169    -0.296775252   20   86.12  304.06   34.11   61.89  -122.84   -69.83  252.15   19.47  114.24   66.73   14.62   17.70   -68.89
    5   31    10.00    65.00    38.09951    36.50690     5.000     0.5831     0.256828219    -0.659600019     0.402771771     0.238465115    -0.022692844    -0.124624908   20  179.21  337.95   35.63   56.26   -72.45  -102.20  211.74   76.69  344.79   75.35   10.48   10.12   -80.41
    5   32    10.00    70.00    38.10578    36.45051     5.000     0.4951     0.151656091    -0.541800022     0.390143931     0.182365090    -0.041994892    -0.036575627   20  189.04  343.30   41.99   50.97   -70.29  -106.89  194.26   85.20  354.13   76.14    4.61   13.04   -62.91
    5   33    10.00    75.00    38.11205    36.39412     5.000     0.1779     0.057202745    -0.176300004     0.119097270     0.061634276    -0.064946130     0.001189413   20  168.69  321.25   41.16   52.19   -68.65  -107.66  175.43   63.70  332.29   74.97    5.68   13.87   -30.39
    5   34    10.00    80.00    38.11832    36.33773     5.000     0.0671     0.036351603     0.002500002    -0.038851604    -0.019982554    -0.027917050     0.043744687   20  251.26  342.46   44.17   88.83   178.33    45.84  106.94  217.19  343.59   29.52   31.44   44.15    -6.97
