   0.000     0.0000E+00       0.000000       0.000000       0.000000       0.000000      -0.000000      -0.000000
   1.000     0.2637E+00      -0.297990      -3.086416       3.384406       3.717198      -1.972926       1.664398
   2.000     0.6792E+00       0.507450     -11.000554      10.493104       6.764844      -4.946254       1.117604
   3.000     0.1494E+01       0.997872     -27.766411      26.768539       9.570009      -4.139904      -6.707541
   4.000     0.2542E+01      -2.473096     -45.070229      47.543324      12.189528      -5.640595     -16.006287
   5.000     0.3479E+01      -3.993031     -60.650471      64.643501      17.250872      -8.224270     -23.312059
   6.000     0.4395E+01      -1.872503     -79.670517      81.543022      17.240141     -11.379565     -28.326637
   7.000     0.4993E+01       2.519375     -94.759506      92.240128      13.732574     -15.444881     -28.266539
   8.000     0.5257E+01      10.243935    -105.446136      95.202202      10.179926      -9.968262     -27.814791
   9.000     0.5219E+01      15.759710    -108.196487      92.436775       4.802598      -4.710940     -27.956795
  10.000     0.4972E+01      14.983374    -102.239456      87.256081       1.133104      -1.638448     -30.095507
  11.000     0.4621E+01       6.359494     -89.546135      83.186638      -4.475456       1.963587     -32.569496
  12.000     0.3994E+01       1.584724     -74.476936      72.892212      -4.207592       5.157141     -30.100849
  13.000     0.3379E+01       5.784354     -67.506844      61.722488       2.139829       6.058290     -18.622377
  14.000     0.3086E+01       9.670666     -66.228012      56.557350       6.940671       0.017864      -1.588021
  15.000     0.3391E+01      16.246981     -72.952942      56.705959       4.800513      -5.561436      18.384443
  16.000     0.4734E+01      27.248783     -99.007553      71.758774       6.674129      -4.186711      40.293457
  17.000     0.6389E+01      39.206963    -131.328720      92.121758      11.326931      -2.219852      61.260204
  18.000     0.9258E+01      59.405045    -190.464386     131.059341      25.615791       6.952958      88.035133
  19.000     0.1256E+02      74.645111    -255.873093     181.227982      37.813690      19.023167     115.272720
  20.000     0.1638E+02      84.669632    -329.291687     244.622040      44.939064      36.121693     143.913376
  21.000     0.2006E+02      83.573578    -396.471466     312.897888      49.038918      48.762516     171.108963
  22.000     0.2282E+02      80.738495    -446.212524     365.474030      49.493126      54.344650     192.510468
  23.000     0.2488E+02      77.274376    -483.136261     405.861877      47.494534      51.697342     210.174057
  24.000     0.2644E+02      69.846954    -511.039764     441.192810      43.078350      53.311615     217.816010
  25.000     0.2708E+02      64.230545    -523.229858     458.999298      38.838032      54.392185     216.988647
  26.000     0.2521E+02      60.192997    -487.556946     427.363953      43.826916      35.538540     203.991379
  27.000     0.2174E+02      49.581127    -418.740021     369.158905      42.406841      15.055449     178.824005
  28.000     0.1822E+02      47.960983    -351.739563     303.778564      41.141224       0.551847     154.541290
  29.000     0.1586E+02      44.281681    -308.567902     264.286224      33.299789       1.158101     132.988037
  30.000     0.1455E+02      41.393368    -286.519318     245.125946      24.869392      11.375375     115.227631
  31.000     0.1451E+02      39.968124    -288.658752     248.690613      15.828805      30.298119     103.028595
  32.000     0.1488E+02      41.525848    -297.318787     255.792953       7.982922      48.900860      95.096092
  33.000     0.1503E+02      44.854031    -301.626862     256.772827       6.067566      58.398418      90.016380
  34.000     0.1476E+02      43.193317    -295.607452     252.414139       6.768768      62.516315      85.146927
  35.000     0.1452E+02      46.440727    -290.428162     243.987442      13.059273      66.153351      85.392502
  36.000     0.1424E+02      50.410320    -283.721100     233.310776      29.936789      65.292679      88.444153
  37.000     0.1370E+02      48.595005    -269.732086     221.137085      46.270164      58.987045      90.473206
  38.000     0.1292E+02      37.049580    -247.650314     210.600739      59.801498      47.529461      89.806808
  39.000     0.1263E+02      24.163990    -234.929733     210.765747      67.044121      43.126598      88.026489
  40.000     0.1287E+02      17.251474    -236.195648     218.944168      66.587479      46.067528      88.543259
  41.000     0.1385E+02      16.610294    -255.158707     238.548416      56.865482      57.636490      95.178680
  42.000     0.1470E+02      21.060755    -273.227905     252.167145      46.922222      67.563660     101.909660
  43.000     0.1566E+02      30.155346    -294.587189     264.431854      37.638035      74.631844     111.236305
  44.000     0.1619E+02      35.854244    -307.915955     272.061707      26.687038      75.101913     116.282394
  45.000     0.1643E+02      38.195496    -316.595245     278.399750      14.135301      71.864464     115.546989
  46.000     0.1779E+02      41.425816    -346.617462     305.191650       2.878761      81.299423     113.095924
  47.000     0.1900E+02      44.774487    -372.844116     328.069641       1.731535      94.280922     107.258141
  48.000     0.2021E+02      39.350388    -394.227905     354.877502       4.533580     110.995811      97.956886
  49.000     0.2068E+02      37.296558    -401.728333     364.431763      11.738751     122.649704      89.865456
  50.000     0.2006E+02      37.877361    -389.327393     351.450043      16.549513     126.286888      80.303452
  51.000     0.1793E+02      32.273388    -347.679718     315.406342      18.129282     115.447052      65.605278
  52.000     0.1607E+02      34.854736    -314.555237     279.700500      15.767403     103.504295      55.854084
  53.000     0.1510E+02      37.599625    -298.976990     261.377380      15.095009      94.210358      50.808159
  54.000     0.1470E+02      43.180332    -294.142670     250.962326      15.499799      90.277580      49.057953
  55.000     0.1416E+02      49.760399    -286.112000     236.351608      15.363458      85.598114      51.896862
  56.000     0.1344E+02      54.533504    -273.860779     219.327271      16.146236      78.195244      57.416519
  57.000     0.1328E+02      66.013817    -271.971497     205.957687      17.992550      78.341850      66.399170
  58.000     0.1361E+02      80.118393    -279.404724     199.286316      21.683588      82.760811      76.054260
  59.000     0.1347E+02      84.972221    -276.809143     191.836914      25.971157      80.318451      80.391296
  60.000     0.1313E+02      83.612694    -270.151611     186.538910      26.568830      75.456551      81.646057
  61.000     0.1284E+02      74.315536    -263.421326     189.105774      22.571663      69.045654      81.968971
  62.000     0.1274E+02      60.738655    -258.765106     198.026459      12.411460      63.602463      82.816856
  63.000     0.1297E+02      50.935215    -260.329407     209.394180       8.458805      58.045074      86.733559
  64.000     0.1307E+02      40.840576    -258.954742     218.114166      10.482254      50.685764      89.807159
  65.000     0.1283E+02      29.246096    -250.497406     221.251312      18.163960      38.701004      89.926514
  66.000     0.1269E+02      17.985405    -243.645844     225.660431      25.038805      29.461317      88.176636
  67.000     0.1246E+02      11.439721    -236.652435     225.212708      30.375406      21.872108      86.040619
  68.000     0.1230E+02      10.943865    -233.006119     222.062256      32.825211      18.040388      85.798737
  69.000     0.1194E+02      16.909649    -228.060699     211.151047      30.703905      15.797342      87.494255
  70.000     0.1166E+02      30.685555    -226.571930     195.886368      25.458675      14.967986      94.032043
  71.000     0.1109E+02      40.679993    -218.339233     177.659241      15.291139      14.092340      97.255363
  72.000     0.1048E+02      47.194866    -207.967911     160.773041       5.251600      16.420341      97.541000
  73.000     0.1017E+02      55.836044    -203.750366     147.914322       1.085859      25.736740      96.854797
  74.000     0.9569E+01      56.819714    -191.320221     134.500504       1.279841      32.903645      91.034271
  75.000     0.8882E+01      54.921288    -176.198273     121.276993       5.037895      40.072380      81.880409
  76.000     0.7763E+01      49.455620    -152.300873     102.845261       9.406354      42.475079      68.727257
  77.000     0.6342E+01      43.728020    -122.866280      79.138260      15.910790      40.975246      52.625935
  78.000     0.4999E+01      34.709839     -94.422882      59.713039      22.661516      37.436100      35.801086
  79.000     0.3553E+01      25.219090     -63.519539      38.300449      24.618938      31.750628      19.144432
  80.000     0.1950E+01      14.710838     -33.469967      18.759129      15.950979      18.499428       8.967033
  81.000     0.0000E+00       0.000000       0.000000       0.000000       0.000000      -0.000000      -0.000000
