    1    1   -10.00  -420.00    35.03024    33.16628    25.000     0.2140    -0.028316623     0.022900011     0.005416617    -0.115940847     0.179734781     0.025522716   20  322.76  232.72   57.41   89.94  -179.92   -32.59  182.85  282.62   52.61   22.44   22.34   57.41   -34.96
    1    2   -10.00  -410.00    35.08321    33.25749    25.000     0.3876    -0.050753318     0.088700011    -0.037946701    -0.188846320     0.337489188     0.059579793   20  324.23   56.28   59.06   86.59   176.02    31.00  186.08  284.75   61.94   18.75   23.93   58.83   -49.16
    1    3   -10.00  -400.00    35.13618    33.34870    25.000     0.6121    -0.092163935     0.162800029    -0.070636064    -0.259514093     0.548309922     0.026623107   20  322.53   56.54   61.90   82.53   171.53    28.36  186.42  283.12   70.08   13.95   25.15   60.75   -40.23
    1    4   -10.00  -390.00    35.18915    33.43990    25.000     0.7760    -0.112341121     0.182500035    -0.070158899    -0.288118869     0.710507274    -0.024657086   20  321.79   55.63   65.65   81.60   170.77    24.64  186.50  281.23   73.29   10.85   23.26   64.06   -29.79
    1    5   -10.00  -380.00    35.24212    33.53111    25.000     0.8871    -0.101276234     0.177200034    -0.075923890    -0.275850654     0.833791494    -0.050133787   20  322.42   55.31   69.94   82.16   171.65    20.26  187.42  280.47   75.59    8.40   19.82   68.34   -25.01
    1    6   -10.00  -370.00    35.29509    33.62232    25.000     1.0215    -0.085599914     0.181900024    -0.096300155    -0.263599813     0.973447204    -0.100813627   20  322.93   55.66   73.26   81.01   170.61    16.95  188.45  280.22   82.80    5.34   18.31   70.87   -19.95
    1    7   -10.00  -360.00    35.34806    33.71353    25.000     0.9572    -0.043409448     0.173100024    -0.129690528    -0.215114057     0.923479438    -0.066573568   20  324.48   56.46   75.41   82.46   172.21    14.72  189.80  281.19   82.99    4.90   15.72   73.50   -24.51
    1    8   -10.00  -350.00    35.40103    33.80473    25.000     1.0189    -0.029055156     0.185500026    -0.156444907    -0.185091287     0.989986181    -0.090240493   20  325.02   56.80   77.83   81.81   171.63    12.30  190.57  281.28   89.95    2.78   14.46   75.26   -25.32
    1    9   -10.00  -340.00    35.45400    33.89594    25.000     1.1305    -0.039154064     0.256599993    -0.217445940    -0.218891948     1.091257572    -0.099674754   20  325.29   57.60   76.33   80.58   170.30    13.86  191.03  281.90   91.17    2.94   16.43   73.29   -31.47
    1   10   -10.00  -330.00    35.50697    33.98715    25.000     1.1673    -0.040389430     0.266700000    -0.226310521    -0.241191342     1.120939016    -0.114375010   20  325.15   57.82   75.45   79.82   169.48    14.79  191.03  281.99   91.61    3.02   17.61   72.11   -30.10
    1   11   -10.00  -320.00    35.55994    34.07836    25.000     1.1005    -0.026979815     0.211600035    -0.184620202    -0.236687735     1.059933662    -0.092184059   20  325.14   57.34   75.74   81.41   171.13    14.43  190.69  281.84   87.49    3.93   16.25   73.26   -25.39
    1   12   -10.00  -310.00    35.61292    34.16957    25.000     1.0745    -0.048897844     0.176200032    -0.127302200    -0.275606453     1.023297906    -0.114957541   20  323.84   56.57   73.65   80.77   170.38    16.57  189.43  281.05   84.90    4.91   18.21   71.09   -16.75
    1   13   -10.00  -300.00    35.66589    34.26077    25.000     0.9439    -0.035924654     0.183900028    -0.147975415    -0.242905423     0.900327981    -0.066035450   20  324.70   57.23   73.25   81.66   171.28    16.93  190.07  281.94   82.72    5.80   17.84   71.18   -24.73
    1   14   -10.00  -290.00    35.71886    34.35198    25.000     0.9901    -0.042868923     0.166400030    -0.123531103    -0.232698381     0.951219022    -0.086182795   20  324.21   56.44   74.90   81.79   171.50    15.26  189.64  281.07   84.07    4.77   16.56   72.72   -20.50
    1   15   -10.00  -280.00    35.77183    34.44319    25.000     1.0847    -0.081021324     0.192300037    -0.111278653    -0.266449869     1.032667398    -0.137061089   20  323.01   56.02   73.90   79.67   169.24    16.37  188.87  280.23   87.43    3.97   18.84   70.72   -17.78
    1   16   -10.00  -270.00    35.82480    34.53440    25.000     1.1323    -0.082291439     0.212600023    -0.130308419    -0.287875354     1.075560808    -0.134226039   20  323.19   56.32   73.26   79.70   169.23    17.02  189.02  280.57   86.63    4.42   19.27   70.19   -19.48
    1   17   -10.00  -260.00    35.87777    34.62560    25.000     0.9712    -0.043445330     0.173000023    -0.129554629    -0.238935366     0.935070217    -0.035051599   20  324.67   56.35   74.41   84.02   173.79    15.68  189.62  281.45   76.70    6.69   15.29   73.24   -26.08
    1   18   -10.00  -250.00    35.93074    34.71681    25.000     1.1631    -0.044315409     0.183700025    -0.139384568    -0.276764005     1.123213053    -0.046627246   20  324.62   56.11   75.14   84.41   174.22    14.93  189.55  281.22   76.16    6.46   14.49   74.08   -22.95
    1   19   -10.00  -240.00    35.98371    34.80802    25.000     1.2280    -0.033148956     0.226300031    -0.193151057    -0.236819789     1.196744680    -0.046600834   20  325.41   56.66   77.55   84.37   174.23    12.51  190.51  281.59   80.51    4.77   12.82   76.29   -28.77
    1   20   -10.00  -230.00    36.03668    34.89923    25.000     1.4364    -0.012588571     0.275500000    -0.262911528    -0.235250369     1.401101947    -0.099903136   20  325.92   57.33   78.93   82.80   172.66    11.16  191.32  281.94   89.77    2.70   12.97   76.74   -28.93
    1   21   -10.00  -220.00    36.08965    34.99043    25.000     1.7179    -0.016047252     0.349099994    -0.333052814    -0.312062532     1.669017553    -0.106270060   20  326.02   57.62   77.75   82.69   172.52    12.36  191.40  282.26   87.76    3.45   13.89   75.67   -30.36
    1   22   -10.00  -210.00    36.14262    35.08164    25.000     1.9705    -0.042241469     0.304300070    -0.262058675    -0.351779938     1.916304350    -0.196323425   20  324.84   56.54   78.36   81.83   171.66    11.76  190.40  281.00   90.85    2.42   14.07   75.72   -20.29
    1   23   -10.00  -200.00    36.19559    35.17285    25.000     2.1748    -0.086538866     0.349300057    -0.262761176    -0.384208769     2.115098000    -0.230239689   20  324.35   56.13   78.30   81.46   171.28    11.83  189.97  280.53   91.46    2.20   14.38   75.44   -21.01
    1   24   -10.00  -190.00    36.24856    35.26406    25.000     2.2404    -0.089340821     0.317900062    -0.228559077    -0.380422890     2.185632944    -0.229282111   20  324.18   55.72   78.97   82.10   171.95    11.13  189.70  280.22   90.65    2.18   13.44   76.38   -18.58
    1   25   -10.00  -180.00    36.30153    35.35526    25.000     2.1992    -0.108586922     0.297000051    -0.188413203    -0.379567057     2.137553215    -0.281695157   20  323.64   55.47   78.76   80.86   170.68    11.39  189.37  279.75   93.72    1.47   14.48   75.44   -15.53
    1   26   -10.00  -170.00    36.35450    35.44647    25.000     1.9703    -0.103930727     0.249100029    -0.145169318    -0.292250842     1.926722169    -0.239944696   20  323.59   55.05   80.26   81.53   171.40     9.85  189.22  279.42   95.37    0.88   12.93   77.03   -15.90
    1   27   -10.00  -160.00    36.40747    35.53768    25.000     1.5797    -0.083777793     0.229900032    -0.146122098    -0.237417817     1.550573349    -0.133679956   20  324.02   55.21   80.14   83.22   173.12     9.93  189.39  279.84   89.18    2.16   11.80   78.00   -21.29
    1   28   -10.00  -150.00    36.46044    35.62889    25.000     0.8693    -0.018969212     0.125300005    -0.106330842    -0.065780461     0.865509152     0.032465026   20  325.50  235.42   85.85   88.88  -178.88    -4.15  190.39  280.53   40.38    3.72    2.14   85.71   -27.59
    1   29   -10.00  -140.00    36.51341    35.72010    25.000     0.6067    -0.032088790     0.098099999    -0.066011205    -0.063900165     0.599219203     0.082519352   20  234.53  325.04   83.44   85.59    -4.44  -173.42  189.89   99.68  358.74    7.76    1.51   82.09   -33.78
    1   30   -10.00  -130.00    36.56638    35.81130    25.000     0.8037    -0.099772729     0.111900017    -0.012127310    -0.157293409     0.782086074    -0.058274776   20  321.81   53.14   77.55   84.00   173.85    12.52  186.96  278.01   78.36    4.50   13.09   76.13   -19.59
    1   31   -10.00  -120.00    36.61935    35.90251    25.000     0.9496    -0.122880228     0.132200032    -0.009319812    -0.201332867     0.901895881    -0.181157559   20  320.66   53.76   75.99   77.77   167.39    14.34  187.02  277.43   93.40    1.23   18.72   71.24    -8.50
    1   32   -10.00  -110.00    36.67233    35.99372    25.000     1.0148    -0.131145403     0.123500012     0.007645398    -0.202506319     0.954313040    -0.248783186   20   53.67  320.17   75.30   76.92    13.53   164.90    7.11  276.71  100.18    1.11   19.84   70.12    -1.65
    1   33   -10.00  -100.00    36.72530    36.08493    25.000     1.0798    -0.137158021     0.127300024     0.009858042    -0.193953574     0.995771170    -0.345724493   20   53.96  319.87   71.20   78.16    12.52   160.78    7.80  275.89  109.38    4.74   21.90   67.54     3.65
    1   34   -10.00   -90.00    36.77827    36.17613    25.000     0.8772    -0.078232087     0.112000018    -0.033767968    -0.138234541     0.828899145    -0.231945455   20   54.80  321.61   73.77   79.20    11.25   163.46    8.82  277.51  109.36    3.74   19.28   70.33    -5.45
    1   35   -10.00   -80.00    36.83124    36.26734    25.000     0.7907    -0.023488134     0.117600001    -0.094111830     0.004333204     0.752438962    -0.236641511   20   55.57  324.55   71.91   86.89     3.27   161.88   11.44  278.62  135.15   10.44   14.94   71.63   -25.33
    1   36   -10.00   -70.00    36.88421    36.35855    25.000     0.6840     0.013042275     0.131400004    -0.144442260     0.086592264     0.641426265    -0.228051662   20   56.61  147.27   71.67   88.02    -2.08  -161.66   13.43  280.48  153.21   14.29   11.42   71.56   -44.69
    1   37   -10.00   -60.00    36.93718    36.44976    25.000     0.5913     0.013338451     0.135499999    -0.148838401     0.105259113     0.552656651    -0.196744651   20   56.97  148.27   73.23   85.69    -4.50  -163.18   13.81  281.48  162.23   14.91    8.68   72.65   -54.36
    1   38   -10.00   -50.00    36.99015    36.54096    25.000     0.4876     0.008559692     0.101000004    -0.109559685     0.060404453     0.464799345    -0.136838734   20   56.90  147.62   75.16   87.29    -2.80  -165.14   13.21  281.33  157.72   12.39    8.49   74.90   -45.64
    1   39   -10.00   -40.00    37.04312    36.63217    25.000     0.1943     0.013674440     0.052900001    -0.066574447     0.035619080     0.184583306    -0.041824061   20  150.71   59.63   81.55   82.75  -172.67    -8.52   15.09  105.25  199.51   11.13    0.84   78.83   -56.32
    1   40   -10.00   -30.00    37.09609    36.72338    25.000     0.2353    -0.047795888     0.075999998    -0.028204113    -0.065319777     0.225930750     0.037692651   20  323.51  233.16   74.70   88.73  -178.68   -15.30  187.30  279.36   48.52   11.67    9.84   74.64   -63.03
    1   41   -10.00   -20.00    37.14906    36.81459    25.000     0.5046    -0.117595635     0.162799999    -0.045204371    -0.102750942     0.468336999     0.179100662   20  230.82  140.17   67.56   88.44     1.69   157.55  187.71   93.23  316.40   14.51   16.81   67.50   -64.82
    1   42   -10.00   -10.00    37.20203    36.90579    25.000     0.7670    -0.169770837     0.178900003    -0.009129196    -0.050031237     0.752352238     0.122874558   20  230.82  140.80   80.53   89.84     0.16   170.53  186.20   95.42  319.82    6.57    6.80   80.52   -43.20
    1   43   -10.00     0.00    37.25500    36.99700    25.000     0.8954    -0.192207426     0.227899998    -0.035692573    -0.079688758     0.878356934     0.151467577   20  231.22  321.36   80.36   89.18    -0.83  -170.36  186.70   95.89  326.15    7.38    6.22   80.32   -47.70
    1   44   -10.00    10.00    37.30797    37.08821    25.000     0.8876    -0.165809512     0.193599999    -0.027790487    -0.058894031     0.882255554     0.053171959   20  321.83  231.70   87.22   87.35  -177.34    -2.79  186.76  276.77    8.14    3.84    0.09   86.15   -40.31
    1   45   -10.00    20.00    37.36094    37.17942    25.000     0.8168    -0.173694402     0.249699995    -0.076005608    -0.071029313     0.812103450     0.015883423   20  322.28   52.40   84.46   88.72   178.71     5.55  187.21  277.46   65.37    3.01    4.83   84.31   -53.06
    1   46   -10.00    30.00    37.41391    37.27063    25.000     0.5019    -0.081962585     0.130500004    -0.048537403    -0.003709302     0.499955088     0.038788136   20  233.08  142.93   84.93   88.38     1.63   174.93  188.10   97.90  305.26    2.44    4.73   84.68   -45.76
    2    1    -5.00  -420.00    35.03024    33.16628    20.000     0.3966    -0.050906207     0.043800022     0.007106170    -0.216124952     0.332300544     0.048744395   20  322.95   53.00   57.11   89.92   179.90    32.89  183.00  282.96   53.13   22.52   22.64   57.11   -35.58
    2    2    -5.00  -410.00    35.08321    33.25749    20.000     0.7151    -0.091018632     0.146200031    -0.055181354    -0.320209652     0.638934493     0.095689565   20  323.98   55.00   62.54   88.05   177.80    27.47  186.15  282.95   58.75   17.57   20.50   62.46   -45.17
    2    3    -5.00  -400.00    35.13618    33.34870    20.000     1.1323    -0.158730760     0.286700070    -0.127969265    -0.453476310     1.029483557     0.052961379   20  322.94   56.12   63.87   83.56   172.82    26.31  186.78  282.60   68.90   13.42   23.00   62.97   -40.25
    2    4    -5.00  -390.00    35.18915    33.43990    20.000     1.4534    -0.184752733     0.320000052    -0.135247290    -0.515192688     1.346661210    -0.018883869   20  322.52   55.48   67.15   83.02   172.42    23.03  186.98  281.24   71.43   10.87   21.13   65.99   -30.88
    2    5    -5.00  -380.00    35.24212    33.53111    20.000     1.7124    -0.180393174     0.344300061    -0.163906932    -0.505616426     1.619780540    -0.088386536   20  322.82   55.46   70.91   82.42   171.98    19.27  187.83  280.57   76.13    7.94   18.94   69.35   -26.36
    2    6    -5.00  -370.00    35.29509    33.62232    20.000     1.9480    -0.154119566     0.382200062    -0.228080511    -0.490723759     1.859539986    -0.174730405   20  323.37   56.10   73.37   80.94   170.54    16.85  188.91  280.64   83.58    5.22   18.28   70.93   -23.75
    2    7    -5.00  -360.00    35.34806    33.71353    20.000     1.9758    -0.098931871     0.372700065    -0.273768187    -0.428658694     1.903003216    -0.186449468   20  324.26   56.58   75.58   81.07   170.77    14.61  189.88  281.01   87.37    3.80   16.61   72.93   -24.02
    2    8    -5.00  -350.00    35.40103    33.80473    20.000     2.0657    -0.057685867     0.372000068    -0.314314127    -0.356171638     2.005928516    -0.221933082   20  324.93   56.83   78.27   80.93   170.74    11.88  190.64  281.13   93.66    1.85   14.79   75.09   -24.19
    2    9    -5.00  -340.00    35.45400    33.89594    20.000     2.0901    -0.042846993     0.444000065    -0.401153088    -0.379573464     2.025180817    -0.175883025   20  325.63   57.60   77.38   81.29   171.07    12.77  191.26  282.00   91.35    2.72   15.16   74.58   -30.25
    2   10    -5.00  -330.00    35.50697    33.98715    20.000     2.1740    -0.058603782     0.478400052    -0.419796348    -0.445515543     2.090314627    -0.205227539   20  325.33   57.83   75.76   80.23   169.92    14.45  191.12  282.08   91.18    3.10   17.09   72.61   -29.24
    2   11    -5.00  -320.00    35.55994    34.07836    20.000     2.0745    -0.054254491     0.396800071    -0.342545450    -0.459819973     1.991830587    -0.195823625   20  324.97   57.39   75.31   80.82   170.50    14.89  190.62  281.79   88.37    3.81   16.99   72.56   -23.97
    2   12    -5.00  -310.00    35.61292    34.16957    20.000     2.0518    -0.089150213     0.334300071    -0.245149851    -0.508019447     1.957878590    -0.229159251   20  323.89   56.58   74.17   80.60   170.23    16.05  189.55  280.99   86.16    4.44   17.96   71.46   -16.68
    2   13    -5.00  -300.00    35.66589    34.26077    20.000     1.8161    -0.066135608     0.303600073    -0.237464488    -0.469470918     1.736565351    -0.124041885   20  324.46   56.67   73.63   82.53   172.21    16.51  189.66  281.54   80.37    6.16   16.93   71.92   -20.80
    2   14    -5.00  -290.00    35.71886    34.35198    20.000     1.9124    -0.082927488     0.305800050    -0.222872555    -0.448522389     1.835666656    -0.190311506   20  324.02   56.35   75.00   81.38   171.07    15.17  189.55  280.88   85.28    4.41   16.80   72.60   -18.15
    2   15    -5.00  -280.00    35.77183    34.44319    20.000     1.9467    -0.113566719     0.295900047    -0.182333350    -0.452013791     1.865267754    -0.238330007   20  323.33   55.87   75.14   80.52   170.19    15.07  189.04  280.20   87.32    3.72   17.33   72.25   -15.10
    2   16    -5.00  -270.00    35.82480    34.53440    20.000     2.0570    -0.143710285     0.338800073    -0.195089698    -0.512497485     1.963541031    -0.228007123   20  323.14   55.82   73.98   80.75   170.37    16.24  188.75  280.27   84.71    4.67   17.99   71.37   -17.17
    2   17    -5.00  -260.00    35.87777    34.62560    20.000     1.9749    -0.102017246     0.331300050    -0.229282796    -0.469058156     1.902424812    -0.126195863   20  324.15   56.05   74.87   83.01   172.76    15.24  189.33  280.92   80.10    5.66   15.70   73.27   -22.48
    2   18    -5.00  -250.00    35.93074    34.71681    20.000     2.1629    -0.081790291     0.346300066    -0.264509737    -0.491840273     2.093126774    -0.099878713   20  324.64   56.14   75.70   84.15   173.96    14.37  189.66  281.16   77.83    5.89   14.28   74.51   -23.16
    2   19    -5.00  -240.00    35.98371    34.80802    20.000     2.3410    -0.050259132     0.423500061    -0.373240948    -0.431312382     2.283411503    -0.110481024   20  325.49   56.76   78.03   84.04   173.90    12.03  190.67  281.61   82.75    4.19   12.71   76.59   -27.89
    2   20    -5.00  -230.00    36.03668    34.89923    20.000     2.7371    -0.011298795     0.492100060    -0.480801165    -0.447788805     2.673439503    -0.171438187   20  325.95   57.21   79.17   83.42   173.30    10.90  191.26  281.91   87.97    2.97   12.35   77.29   -27.47
    2   21    -5.00  -220.00    36.08965    34.99043    20.000     3.2774    -0.033290770     0.631500006    -0.598209262    -0.602510512     3.188385487    -0.180408269   20  325.91   57.36   77.83   83.28   173.13    12.25  191.20  282.10   85.66    3.80   13.40   76.05   -29.13
    2   22    -5.00  -210.00    36.14262    35.08164    20.000     3.7607    -0.100736171     0.615900099    -0.515163779    -0.696961999     3.653287411    -0.352942109   20  324.81   56.56   77.86   81.90   171.71    12.27  190.34  281.06   89.51    2.82   14.38   75.33   -21.86
    2   23    -5.00  -200.00    36.19559    35.17285    20.000     4.1702    -0.166356713     0.629100144    -0.462743282    -0.733655453     4.055957317    -0.462991893   20  324.20   55.97   78.45   81.40   171.22    11.68  189.83  280.35   91.87    2.05   14.32   75.53   -19.11
    2   24    -5.00  -190.00    36.24856    35.26406    20.000     4.2758    -0.189373285     0.592100143    -0.402726889    -0.718666434     4.169168472    -0.474005580   20  323.96   55.57   79.06   81.74   171.58    11.06  189.54  280.00   91.90    1.87   13.64   76.23   -17.54
    2   25    -5.00  -180.00    36.30153    35.35526    20.000     4.1105    -0.201329142     0.566500127    -0.365170956    -0.723467052     3.994888783    -0.505622089   20  323.70   55.53   78.55   81.06   170.88    11.59  189.40  279.85   92.67    1.75   14.49   75.40   -16.15
    2   26    -5.00  -170.00    36.35450    35.44647    20.000     3.6741    -0.184342295     0.446100056    -0.261757612    -0.572672606     3.592963696    -0.417162538   20  323.62   55.04   79.94   82.02   171.89    10.16  189.17  279.50   92.82    1.45   12.81   77.11   -15.16
    2   27    -5.00  -160.00    36.40747    35.53768    20.000     2.8700    -0.114587441     0.375300050    -0.260712385    -0.389021426     2.823835850    -0.251835227   20  324.25   55.28   81.17   83.39   173.31     8.89  189.62  279.92   91.63    1.56   10.95   78.94   -19.23
    2   28    -5.00  -150.00    36.46044    35.62889    20.000     1.6138    -0.022067850     0.185499996    -0.163432121    -0.133131459     1.606310368     0.059025526   20  325.32  235.23   85.43   88.82  -178.81    -4.57  190.19  280.36   40.74    4.07    2.39   85.28   -22.54
    2   29    -5.00  -140.00    36.51341    35.72010    20.000     1.0917    -0.043562505     0.128000006    -0.084437400    -0.119100921     1.075872421     0.161190346   20  234.20  324.83   82.55   85.17    -4.87  -172.53  189.66   99.37  357.51    8.69    1.84   81.11   -26.90
    2   30    -5.00  -130.00    36.56638    35.81130    20.000     1.4340    -0.186185196     0.177100033     0.009085178    -0.279931128     1.395899296    -0.096241079   20  321.49   52.65   77.78   84.66   174.54    12.27  186.55  277.61   75.80    4.81   12.44   76.63   -17.49
    2   31    -5.00  -120.00    36.61935    35.90251    20.000     1.8057    -0.245909706     0.239100024     0.006809711    -0.386596859     1.711152434    -0.356190443   20  320.33   53.47   75.94   77.65   167.26    14.40  186.71  277.11   93.28    1.17   18.84   71.12    -6.65
    2   32    -5.00  -110.00    36.67233    35.99372    20.000     1.8694    -0.236797407     0.236800030    -0.000002742    -0.378640145     1.758163810    -0.452080667   20   53.84  320.30   75.36   76.69    13.76   164.95    7.23  276.89   99.73    0.91   19.97   70.01    -2.49
    2   33    -5.00  -100.00    36.72530    36.08493    20.000     1.8110    -0.217379943     0.228100032    -0.010720134    -0.352998257     1.687196732    -0.508657932   20   54.21  320.29   73.22   77.20    13.38   162.78    7.74  276.69  104.71    2.72   21.15   68.66     0.49
    2   34    -5.00   -90.00    36.77827    36.17613    20.000     1.6460    -0.141645864     0.237700030    -0.096054137    -0.264461100     1.560691357    -0.406361967   20   55.14  321.95   74.39   78.74    11.69   164.07    9.04  277.99  107.58    3.00   19.17   70.58    -9.22
    2   35    -5.00   -80.00    36.83124    36.26734    20.000     1.5094    -0.048839211     0.181500003    -0.132660806    -0.015736422     1.440504432    -0.440349728   20   55.14  324.13   72.49   86.80     3.35   162.46   10.93  278.30  134.12    9.98   14.60   72.18   -19.20
    2   36    -5.00   -70.00    36.88421    36.35855    20.000     1.3322     0.015143937     0.221000001    -0.236143947     0.157322183     1.250110865    -0.448163241   20   56.02  146.68   71.29   88.05    -2.06  -161.27   12.91  279.83  152.43   14.54   11.70   71.18   -40.05
    2   37    -5.00   -60.00    36.93718    36.44976    20.000     1.0971     0.029156365     0.205999970    -0.235156387     0.191685081     1.024900794    -0.369052410   20   56.42  147.92   72.84   85.17    -5.05  -162.77   13.40  281.00  163.11   15.56    8.58   72.13   -48.58
    2   38    -5.00   -50.00    36.99015    36.54096    20.000     0.8342     0.028811490     0.145199999    -0.174011499     0.142326817     0.790739417    -0.239126801   20   56.63  148.15   76.10   83.90    -6.29  -166.02   13.10  281.72  171.27   14.18    5.43   74.77   -44.62
    2   39    -5.00   -40.00    37.04312    36.63217    20.000     0.3576     0.032958481     0.076099999    -0.109058477     0.076031528     0.337091267    -0.083175287   20  150.78   59.30   79.51   82.08  -171.95   -10.59   14.82  105.24  202.91   13.07    1.79   76.81   -49.92
    2   40    -5.00   -30.00    37.09609    36.72338    20.000     0.5056    -0.072685681     0.108600013    -0.035914332    -0.094086282     0.494101584     0.078740634   20  323.44  232.54   81.69   83.90  -173.84    -8.36  187.85  278.13   16.67   10.21    1.55   79.67   -45.70
    2   41    -5.00   -20.00    37.14906    36.81459    20.000     0.9732    -0.216286808     0.272500008    -0.056213289    -0.159997612     0.931403458     0.262101084   20  230.83  321.24   74.62   88.51    -1.54  -164.61  187.07   95.00  326.63   11.89    9.74   74.54   -56.48
    2   42    -5.00   -10.00    37.20203    36.90579    20.000     1.4818    -0.310557604     0.321500003    -0.010942340    -0.113745265     1.446766615     0.277445018   20  230.85  320.87   79.02   89.89    -0.11  -169.02  186.39   95.33  321.43    7.82    7.67   79.02   -41.29
    2   43    -5.00     0.00    37.25500    36.99700    20.000     1.7761    -0.367438257     0.351999998     0.015438139    -0.167622328     1.738637447     0.293968976   20  230.58  320.90   80.81   88.04    -1.99  -170.80  186.10   95.39  332.82    7.88    5.09   80.60   -39.29
    2   44    -5.00    10.00    37.30797    37.08821    20.000     1.7857    -0.338407516     0.288899988     0.049507618    -0.162217006     1.767102003     0.090787597   20  320.97  230.80   85.47   87.94  -177.93    -4.53  185.81  275.96   26.41    4.66    1.74   85.02   -31.23
    2   45    -5.00    20.00    37.36094    37.17942    20.000     1.5854    -0.290386438     0.289799988     0.000586510    -0.083276913     1.576501608     0.013657194   20  321.37   51.38   86.96   89.80   179.80     3.04  186.33  276.41   55.21    2.01    2.29   86.95   -33.56
    2   46    -5.00    30.00    37.41391    37.27063    20.000     0.9636    -0.149258524     0.190799996    -0.041541457    -0.020968055     0.961832166     0.014863333   20  322.40  232.39   88.96   89.39  -179.39    -1.04  187.40  277.40   22.07    1.17    0.31   88.79   -36.12
    3    1     0.00  -420.00    35.03024    33.16628    15.000     0.5118    -0.059675332     0.084700018    -0.025024712    -0.253895849     0.444238782     0.070253432   20  323.95   54.71   59.74   88.70   178.50    30.27  185.21  283.56   56.93   19.90   21.86   59.70   -41.38
    3    2     0.00  -410.00    35.08321    33.25749    15.000     0.9958    -0.121954784     0.210900024    -0.088945240    -0.409541428     0.906412721     0.102374092   20  323.84   55.14   64.63   87.27   176.98    25.40  186.69  282.43   60.87   15.62   19.68   64.46   -42.39
    3    3     0.00  -400.00    35.13618    33.34870    15.000     1.4815    -0.182185501     0.351900071    -0.169714510    -0.543093979     1.371867180     0.073203146   20  323.51   55.76   66.56   84.82   174.36    23.54  187.38  282.08   67.46   12.56   20.19   65.93   -39.78
    3    4     0.00  -390.00    35.18915    33.43990    15.000     2.0018    -0.229466349     0.457700074    -0.228233516    -0.654914141     1.874609470    -0.031706661   20  323.05   55.87   68.68   82.82   172.29    21.50  187.75  281.36   73.48    9.71   20.21   67.39   -32.52
    3    5     0.00  -380.00    35.24212    33.53111    15.000     2.3767    -0.229375631     0.510999978    -0.281624496    -0.675956607     2.254096270    -0.122596592   20  323.26   55.98   71.32   82.01   171.57    18.87  188.41  280.96   78.10    7.37   18.95   69.57   -28.63
    3    6     0.00  -370.00    35.29509    33.62232    15.000     2.6301    -0.184451014     0.554799974    -0.370348930    -0.648360312     2.517014265    -0.191965610   20  323.96   56.54   73.55   81.34   170.96    16.65  189.42  281.16   83.27    5.38   17.86   71.29   -27.66
    3    7     0.00  -360.00    35.34806    33.71353    15.000     2.8096    -0.131221920     0.526499987    -0.395277977    -0.587995768     2.709669590    -0.276118934   20  324.35   56.63   76.03   80.95   170.67    14.15  190.01  281.01   88.57    3.42   16.38   73.25   -23.94
    3    8     0.00  -350.00    35.40103    33.80473    15.000     2.8897    -0.073585652     0.504100025    -0.430514455    -0.509702384     2.807192326    -0.292212129   20  324.96   56.79   78.17   81.35   171.16    11.96  190.59  281.17   92.15    2.21   14.55   75.27   -23.51
    3    9     0.00  -340.00    35.45400    33.89594    15.000     2.8381    -0.031464837     0.539900005    -0.508435249    -0.507477880     2.757087708    -0.223990455   20  325.71   57.40   77.97   82.11   171.93    12.14  191.20  281.93   89.94    2.88   14.15   75.55   -27.34
    3   10     0.00  -330.00    35.50697    33.98715    15.000     2.9511    -0.058599021     0.609399974    -0.550801158    -0.607647300     2.841733932    -0.262335718   20  325.43   57.73   76.01   80.85   170.56    14.18  191.11  282.10   89.94    3.35   16.47   73.18   -27.60
    3   11     0.00  -320.00    35.55994    34.07836    15.000     2.8934    -0.083724529     0.533999979    -0.450275421    -0.657955170     2.772322178    -0.299083680   20  324.71   57.27   75.04   80.49   170.16    15.17  190.43  281.61   88.62    3.77   17.41   72.16   -21.86
    3   12     0.00  -310.00    35.61292    34.16957    15.000     2.7900    -0.107402354     0.445200056    -0.337797523    -0.674049377     2.669239759    -0.298267931   20  324.07   56.59   74.59   80.94   170.60    15.61  189.67  281.05   86.00    4.39   17.41   72.01   -16.96
    3   13     0.00  -300.00    35.66589    34.26077    15.000     2.5601    -0.089681178     0.387800068    -0.298118770    -0.652050734     2.451910257    -0.192621708   20  324.28   56.40   74.06   82.64   172.34    16.08  189.49  281.26   80.36    5.95   16.55   72.36   -17.97
    3   14     0.00  -290.00    35.71886    34.35198    15.000     2.6310    -0.116622478     0.399200052    -0.282577515    -0.639043689     2.519872904    -0.272033423   20  323.83   56.23   74.63   81.35   171.03    15.55  189.35  280.78   84.61    4.65   17.08   72.26   -16.07
    3   15     0.00  -280.00    35.77183    34.44319    15.000     2.6585    -0.141225129     0.359900057    -0.218674779    -0.607980907     2.553808928    -0.318087161   20  323.33   55.65   75.60   81.07   170.78    14.58  188.95  280.08   86.49    3.79   16.59   72.95   -12.92
    3   16     0.00  -270.00    35.82480    34.53440    15.000     2.7701    -0.184147865     0.424300045    -0.240152121    -0.655517042     2.653473377    -0.323969543   20  323.12   55.64   74.86   80.80   170.46    15.34  188.77  280.05   85.88    4.10   17.33   72.17   -15.57
    3   17     0.00  -260.00    35.87777    34.62560    15.000     2.8679    -0.165638119     0.450000048    -0.284361959    -0.674835324     2.762447596    -0.222791195   20  323.75   55.72   75.07   82.65   172.40    15.06  189.01  280.51   81.14    5.27   15.82   73.28   -19.76
    3   18     0.00  -250.00    35.93074    34.71681    15.000     2.8885    -0.097119600     0.449000061    -0.351880789    -0.626098871     2.803579807    -0.128660381   20  324.75   56.10   76.41   84.44   174.28    13.65  189.76  281.12   77.84    5.60   13.57   75.28   -22.95
    3   19     0.00  -240.00    35.98371    34.80802    15.000     3.2083    -0.030894184     0.525300026    -0.494405866    -0.551905274     3.137002230    -0.165878311   20  325.63   56.75   78.96   84.27   174.16    11.10  190.81  281.59   83.72    3.72   11.89   77.52   -25.28
    3   20     0.00  -230.00    36.03668    34.89923    15.000     3.7973    -0.005116490     0.659799993    -0.654683590    -0.621733069     3.708574295    -0.248887986   20  325.94   57.20   79.23   83.37   173.25    10.85  191.26  281.89   88.27    2.90   12.34   77.31   -26.31
    3   21     0.00  -220.00    36.08965    34.99043    15.000     4.5524    -0.063500680     0.837100148    -0.773599386    -0.821775734     4.431562424    -0.298970908   20  325.63   57.13   78.07   82.97   172.82    12.02  190.98  281.80   87.00    3.42   13.46   76.10   -27.20
    3   22     0.00  -210.00    36.14262    35.08164    15.000     5.2171    -0.159774825     0.905200124    -0.745424747    -0.977884948     5.064145088    -0.481341958   20  324.81   56.64   77.59   81.76   171.56    12.54  190.36  281.12   89.44    2.90   14.67   75.03   -23.41
    3   23     0.00  -200.00    36.19559    35.17285    15.000     5.7555    -0.237449691     0.884200096    -0.646750212    -1.031064987     5.592139244    -0.646408319   20  324.17   56.01   78.22   81.25   171.06    11.92  189.82  280.37   91.79    2.11   14.59   75.25   -19.29
    3   24     0.00  -190.00    36.24856    35.26406    15.000     5.9087    -0.279505998     0.846900105    -0.567393780    -1.012187839     5.749849319    -0.701408148   20  323.87   55.63   78.76   81.20   171.03    11.37  189.54  279.97   92.88    1.70   14.24   75.66   -17.63
    3   25     0.00  -180.00    36.30153    35.35526    15.000     5.6501    -0.288030177     0.764800131    -0.476770639    -0.992975056     5.491116524    -0.704736888   20  323.61   55.43   78.59   81.03   170.85    11.56  189.31  279.75   92.75    1.70   14.49   75.41   -15.64
    3   26     0.00  -170.00    36.35450    35.44647    15.000     4.9873    -0.232666284     0.574100137    -0.341433764    -0.783268571     4.878948212    -0.553395569   20  323.65   55.03   79.97   82.26   172.13    10.12  189.16  279.52   92.08    1.59   12.61   77.28   -14.19
    3   27     0.00  -160.00    36.40747    35.53768    15.000     3.8193    -0.120653890     0.456500053    -0.335846424    -0.490246683     3.765390635    -0.311538994   20  324.40   55.28   81.76   83.95   173.88     8.29  189.70  279.98   91.18    1.54   10.13   79.75   -17.91
    3   28     0.00  -150.00    36.46044    35.62889    15.000     2.2442    -0.025753746     0.245800033    -0.220046103    -0.204637095     2.232590437     0.056219570   20  325.29  235.24   84.81   89.55  -179.54    -5.19  190.15  280.38   50.25    3.99    3.34   84.79   -21.27
    3   29     0.00  -140.00    36.51341    35.72010    15.000     1.6063    -0.074692495     0.186100036    -0.111407518    -0.193646327     1.591307044     0.134635508   20  324.55  234.16   83.73   86.43  -176.41    -6.28  189.24  279.47   24.66    6.96    1.90   82.78   -24.87
    3   30     0.00  -130.00    36.56638    35.81130    15.000     1.9671    -0.258062690     0.257900059     0.000162840    -0.390766561     1.910876989    -0.154030457   20  321.46   52.83   77.41   83.89   173.74    12.66  186.62  277.69   78.18    4.52   13.26   75.96   -17.76
    3   31     0.00  -120.00    36.61935    35.90251    15.000     2.5138    -0.357351452     0.275000066     0.082351446    -0.504034638     2.378157377    -0.552195966   20  319.83   52.89   76.99   77.00   166.65    13.36  186.36  276.36   96.33    0.01   18.56   71.44    -1.90
    3   32     0.00  -110.00    36.67233    35.99372    15.000     2.5008    -0.320099503     0.304300070     0.015799403    -0.511311293     2.352069139    -0.602532208   20   53.71  320.20   75.54   76.67    13.77   165.13    7.09  276.81   99.24    0.78   19.85   70.13    -1.58
    3   33     0.00  -100.00    36.72530    36.08493    15.000     2.2714    -0.251237482     0.288500071    -0.037262738    -0.471308947     2.134351730    -0.554959416   20   54.38  320.74   75.14   76.54    13.93   164.71    7.73  277.37  100.33    0.96   20.24   69.74    -1.86
    3   34     0.00   -90.00    36.77827    36.17613    15.000     2.2291    -0.181984678     0.296600014    -0.114615500    -0.322345883     2.111326694    -0.588281810   20   55.02  321.98   73.64   79.79    10.65   163.37    9.19  277.73  111.29    4.23   18.94   70.56    -7.80
    3   35     0.00   -80.00    36.83124    36.26734    15.000     2.1186    -0.076991439     0.247999996    -0.171008468    -0.028969303     2.014103651    -0.642473936   20   55.03  323.91   71.80   86.61     3.57   161.76   10.86  278.02  133.73   10.32   15.23   71.46   -18.03
    3   36     0.00   -70.00    36.88421    36.35855    15.000     1.8734     0.003832350     0.247999966    -0.251832366     0.211087212     1.754998207    -0.645689726   20   55.23  146.00   70.63   87.82    -2.31  -160.62   12.28  278.99  152.16   15.15   11.99   70.50   -34.57
    3   37     0.00   -60.00    36.93718    36.44976    15.000     1.4229     0.052038025     0.203999966    -0.256038010     0.277230889     1.328733206    -0.468905210   20   55.91  147.98   73.74   82.95    -7.35  -163.61   12.94  281.03  170.64   16.55    6.38   72.19   -43.93
    3   38     0.00   -50.00    36.99015    36.54096    15.000     0.9463     0.061287146     0.141199976    -0.202487081     0.226596907     0.885284305    -0.269450903   20   57.05  149.38   78.31   78.89   -11.35  -168.08   13.27  283.16  191.78   16.23    0.40   73.76   -45.62
    3   39     0.00   -40.00    37.04312    36.63217    15.000     0.4787     0.039505932     0.093199983    -0.132705942     0.110708214     0.449193299    -0.122213334   20  150.42   58.60   78.77   80.91  -170.73   -11.37   14.31  104.69  200.44   14.44    1.49   75.48   -49.57
    3   40     0.00   -30.00    37.09609    36.72338    15.000     0.6411    -0.082129367     0.131400004    -0.049270660    -0.117171191     0.618494332     0.153978825   20  232.43  323.67   78.17   84.10    -6.03  -168.10  188.52   97.60  349.69   12.58    4.15   76.74   -47.32
    3   41     0.00   -20.00    37.14906    36.81459    15.000     1.3510    -0.264198661     0.275500000    -0.011301219    -0.164767772     1.303681850     0.320695400   20  230.74  321.15   76.51   88.28    -1.77  -166.50  186.74   95.16  328.27   10.73    8.27   76.39   -42.48
    3   42     0.00   -10.00    37.20203    36.90579    15.000     2.0649    -0.416283607     0.365700006     0.050583482    -0.208488315     2.015774012     0.361236274   20  230.38  320.78   80.29   87.61    -2.42  -170.28  185.97   95.19  334.47    8.55    5.15   80.00   -36.40
    3   43     0.00     0.00    37.25500    36.99700    15.000     2.5305    -0.510699153     0.362500012     0.148199081    -0.227014422     2.485703468     0.296947598   20  230.02  320.37   83.68   86.77    -3.25  -173.67  185.32   95.07  347.30    6.76    2.18   82.90   -29.51
    3   44     0.00    10.00    37.30797    37.08821    15.000     2.5816    -0.498669982     0.335999995     0.162670016    -0.189611211     2.551917076     0.121815234   20  320.39  230.25   86.42   87.75  -177.75    -3.58  185.28  275.35   18.12    4.12    0.94   85.77   -25.50
    3   45     0.00    20.00    37.36094    37.17942    15.000     2.1925    -0.389107823     0.331900001     0.057207823    -0.116844177     2.177988768     0.038910456   20  321.10  231.07   87.12   89.49  -179.49    -2.88  186.05  276.12   40.99    2.40    1.67   87.07   -28.40
    3   46     0.00    30.00    37.41391    37.27063    15.000     1.2799    -0.179565310     0.261500001    -0.081934750    -0.038867500     1.278331280     0.023912610   20  322.92  232.90   88.48   89.36  -179.36    -1.52  187.90  277.92   30.29    1.53    0.63   88.35   -37.21
    4    1     5.00  -420.00    35.03024    33.16628    10.000     0.5748    -0.055684697     0.126200035    -0.070515320    -0.245818675     0.518572211     0.091578506   20  325.35   56.06   63.77   88.57   178.40    26.24  187.65  283.84   58.97   17.15   19.28   63.72   -49.07
    4    2     5.00  -410.00    35.08321    33.25749    10.000     1.1799    -0.124991529     0.254100055    -0.129108459    -0.448647141     1.089720726     0.116942063   20  324.37   55.46   66.61   87.49   177.26    23.41  187.53  282.39   61.24   14.46   18.16   66.46   -42.43
    4    3     5.00  -400.00    35.13618    33.34870    10.000     1.7174    -0.182613283     0.394600064    -0.211986780    -0.583509207     1.609724045     0.089711413   20  324.05   55.77   68.53   85.64   175.31    21.54  187.99  281.95   66.68   11.83   18.22   68.04   -39.68
    4    4     5.00  -390.00    35.18915    33.43990    10.000     2.3638    -0.247988611     0.562700093    -0.314711511    -0.717220783     2.230529070    -0.052815020   20  323.46   56.24   69.93   82.43   171.93    20.26  188.38  281.47   75.89    8.60   19.63   68.43   -33.89
    4    5     5.00  -380.00    35.24212    33.53111    10.000     2.7975    -0.251294523     0.611500144    -0.360205531    -0.773290336     2.659755707    -0.140876383   20  323.54   56.20   71.75   82.00   171.57    18.43  188.73  281.12   78.86    7.07   18.65   69.96   -29.55
    4    6     5.00  -370.00    35.29509    33.62232    10.000     3.0930    -0.208180577     0.664500117    -0.456319332    -0.771547794     2.961011648    -0.187135369   20  324.18   56.65   73.40   81.80   171.44    16.78  189.53  281.38   81.96    5.81   17.63   71.38   -29.19
    4    7     5.00  -360.00    35.34806    33.71353    10.000     3.3057    -0.141332775     0.614500105    -0.473167419    -0.697764218     3.191420794    -0.289566994   20  324.53   56.66   76.02   81.52   171.26    14.14  190.07  281.16   87.02    3.81   15.97   73.56   -24.46
    4    8     5.00  -350.00    35.40103    33.80473    10.000     3.5530    -0.101873547     0.602299988    -0.500426650    -0.649870872     3.445042372    -0.384930909   20  324.73   56.68   77.82   81.02   170.81    12.33  190.42  281.02   92.22    2.22   15.04   74.79   -21.86
    4    9     5.00  -340.00    35.45400    33.89594    10.000     3.3499    -0.026519682     0.606999993    -0.580480099    -0.613658249     3.256054163    -0.237944141   20  325.73   57.30   77.91   82.68   172.51    12.19  191.12  281.94   87.86    3.32   13.78   75.81   -26.25
    4   10     5.00  -330.00    35.50697    33.98715    10.000     3.4714    -0.065380007     0.706300139    -0.640920162    -0.735088050     3.342257500    -0.280372620   20  325.47   57.70   75.77   81.28   171.00    14.40  191.05  282.16   88.27    3.82   16.32   73.22   -27.45
    4   11     5.00  -320.00    35.55994    34.07836    10.000     3.4808    -0.114008583     0.622400105    -0.508391380    -0.811440289     3.330754280    -0.372362345   20  324.48   57.11   74.79   80.44   170.09    15.43  190.20  281.44   88.14    3.91   17.64   71.91   -20.34
    4   12     5.00  -310.00    35.61292    34.16957    10.000     3.3100    -0.129409462     0.525300145    -0.395890594    -0.797316551     3.169342279    -0.342204481   20  324.07   56.52   74.66   81.15   170.82    15.53  189.63  281.02   85.49    4.49   17.21   72.17   -17.21
    4   13     5.00  -300.00    35.66589    34.26077    10.000     3.0895    -0.116095461     0.465400070    -0.349304676    -0.782634854     2.958744049    -0.248670757   20  324.16   56.33   74.13   82.43   172.13    16.02  189.42  281.14   80.99    5.75   16.65   72.33   -17.44
    4   14     5.00  -290.00    35.71886    34.35198    10.000     3.0613    -0.134032398     0.441700071    -0.307667494    -0.756501317     2.931979656    -0.303380340   20  323.78   56.09   74.50   81.74   171.43    15.66  189.21  280.73   83.21    5.01   16.89   72.34   -15.08
    4   15     5.00  -280.00    35.77183    34.44319    10.000     3.1790    -0.172061354     0.416300058    -0.244238734    -0.719277859     3.052186728    -0.410027474   20  323.20   55.57   75.78   80.71   170.42    14.41  188.89  279.92   87.70    3.42   16.73   72.91   -11.53
    4   16     5.00  -270.00    35.82480    34.53440    10.000     3.3965    -0.241343290     0.521400094    -0.280056596    -0.792181849     3.249629498    -0.440617800   20  322.91   55.57   74.99   80.18   169.83    15.23  188.69  279.83   87.63    3.58   17.68   71.94   -14.67
    4   17     5.00  -260.00    35.87777    34.62560    10.000     3.5182    -0.215895444     0.526300132    -0.310404420    -0.806471229     3.389969587    -0.324181348   20  323.47   55.51   75.45   82.17   171.90    14.69  188.85  280.18   82.98    4.66   15.91   73.39   -17.67
    4   18     5.00  -250.00    35.93074    34.71681    10.000     3.4186    -0.102200419     0.521300137    -0.419099569    -0.710189223     3.324106932    -0.166821450   20  324.82   56.13   76.96   84.36   174.21    13.10  189.88  281.10   79.01    5.17   13.24   75.75   -22.46
    4   19     5.00  -240.00    35.98371    34.80802    10.000     3.8634    -0.007548599     0.575999975    -0.568451405    -0.645341754     3.779968977    -0.231364429   20  325.63   56.73   79.37   84.14   174.04    10.68  190.84  281.54   85.14    3.34   11.69   77.83   -22.54
    4   20     5.00  -230.00    36.03668    34.89923    10.000     4.5928    -0.005927358     0.796800137    -0.790872455    -0.768576801     4.481101036    -0.311664641   20  325.91   57.24   79.00   83.20   173.07    11.08  191.25  281.91   88.39    2.94   12.63   77.02   -25.96
    4   21     5.00  -220.00    36.08965    34.99043    10.000     5.4474    -0.083857819     1.003499985    -0.919641852    -0.976140201     5.298934460    -0.409187168   20  325.53   57.14   78.06   82.47   172.30    12.04  190.97  281.72   88.70    3.07   13.82   75.83   -26.67
    4   22     5.00  -210.00    36.14262    35.08164    10.000     6.2861    -0.205163538     1.130699992    -0.925536871    -1.197617650     6.095593929    -0.575708926   20  324.82   56.72   77.31   81.62   171.41    12.83  190.38  281.18   89.34    3.00   14.97   74.72   -24.30
    4   23     5.00  -200.00    36.19559    35.17285    10.000     6.9167    -0.313287318     1.119199991    -0.805912733    -1.299318552     6.702035427    -0.793778062   20  324.09   56.11   77.58   80.88   170.66    12.58  189.80  280.43   91.48    2.30   15.32   74.50   -19.93
    4   24     5.00  -190.00    36.24856    35.26406    10.000     7.0589    -0.361501515     1.030699968    -0.669198036    -1.268509388     6.850372791    -0.878460050   20  323.71   55.64   78.21   80.80   170.60    11.95  189.44  279.92   92.73    1.80   14.93   74.96   -17.17
    4   25     5.00  -180.00    36.30153    35.35526    10.000     6.7468    -0.346926510     0.910200119    -0.563273907    -1.164157629     6.559576035    -0.853412867   20  323.59   55.40   78.76   80.96   170.78    11.38  189.31  279.70   93.37    1.53   14.41   75.50   -15.63
    4   26     5.00  -170.00    36.35450    35.44647    10.000     5.8708    -0.247629926     0.648300111    -0.400670052    -0.931687355     5.745395660    -0.628377557   20  323.74   55.07   79.96   82.53   172.41    10.12  189.21  279.60   91.13    1.79   12.43   77.44   -13.54
    4   27     5.00  -160.00    36.40747    35.53768    10.000     4.4250    -0.114383481     0.486000061    -0.371615887    -0.552983522     4.366033554    -0.355696619   20  324.45   55.27   82.07   84.17   174.11     7.98  189.73  279.99   91.23    1.47    9.76   80.13   -16.41
    4   28     5.00  -150.00    36.46044    35.62889    10.000     2.5800     0.002572289     0.241900027    -0.244472504    -0.207710907     2.568218231     0.072914824   20  325.42  235.36   85.47   89.14  -179.14    -4.53  190.30  280.48   44.69    3.81    2.60   85.39   -18.51
    4   29     5.00  -140.00    36.51341    35.72010    10.000     2.2488    -0.141881838     0.258199990    -0.116318107    -0.304307878     2.227890968     0.020602271   20  323.83   53.94   82.08   89.19   179.18     7.92  188.61  279.15   59.77    5.01    6.17   82.04   -21.60
    4   30     5.00  -130.00    36.56638    35.81130    10.000     2.5593    -0.341857582     0.361700058    -0.019842625    -0.497259289     2.475032806    -0.298903942   20  321.24   53.14   77.25   81.64   171.43    12.89  186.80  277.62   85.56    3.06   15.00   74.67   -16.52
    4   31     5.00  -120.00    36.61935    35.90251    10.000     2.8572    -0.417167574     0.312700063     0.104467630    -0.578662515     2.715877533    -0.560149908   20  319.87   52.65   76.88   78.27   167.95    13.41  186.12  276.42   93.11    0.96   17.72   72.25    -3.94
    4   32     5.00  -110.00    36.67233    35.99372    10.000     2.9300    -0.385697156     0.372700065     0.012997150    -0.628398478     2.752568245    -0.685939550   20   53.73  320.13   75.84   76.03    14.42   165.40    6.95  276.90   97.30    0.13   20.11   69.89    -2.19
    4   33     5.00  -100.00    36.72530    36.08493    10.000     2.6486    -0.281096965     0.338100046    -0.057002902    -0.559890747     2.492623329    -0.625332415   20   54.51  320.92   75.55   76.35    14.11   165.12    7.81  277.60   99.31    0.55   20.08   69.91    -2.38
    4   34     5.00   -90.00    36.77827    36.17613    10.000     2.6215    -0.192953482     0.311100006    -0.118146420    -0.337232947     2.481652737    -0.728883982   20   54.92  322.13   73.05   80.91     9.51   162.83    9.39  277.57  115.05    5.42   18.53   70.64    -6.26
    4   35     5.00   -80.00    36.83124    36.26734    10.000     2.5344    -0.101638436     0.278600007    -0.176961660    -0.025937183     2.399161339    -0.802646399   20   54.79  323.70   71.05   86.82     3.37   161.02   10.77  277.66  134.52   10.97   15.60   70.77   -16.90
    4   36     5.00   -70.00    36.88421    36.35855    10.000     2.2546    -0.014821520     0.267399997    -0.252578378     0.222718343     2.116841078    -0.768847406   20   54.88  145.50   70.62   88.22    -1.88  -160.61   11.87  278.55  150.54   14.87   12.28   70.53   -30.83
    4   37     5.00   -60.00    36.93718    36.44976    10.000     1.6652     0.050310329     0.200499967    -0.250810325     0.327644110     1.551722288    -0.560290337   20   55.29  147.53   73.07   82.70    -7.63  -162.92   12.49  280.41  169.99   17.20    6.67   71.47   -41.11
    4   38     5.00   -50.00    36.99015    36.54096    10.000     0.9532     0.089758649     0.084099971    -0.173858613     0.301851392     0.868698120    -0.280369669   20  150.21   56.93   73.35   79.16  -168.68   -16.96   12.82  104.24  205.28   19.60    3.99   69.96   -42.51
    4   39     5.00   -40.00    37.04312    36.63217    10.000     0.4227     0.069047354     0.030799985    -0.099847354     0.180481941     0.364011675    -0.110732697   20  152.80   60.17   64.33   84.54  -173.94   -25.80   13.51  109.20  229.03   21.94   13.83   63.67   -39.69
    4   40     5.00   -30.00    37.09609    36.72338    10.000     0.7178    -0.100117989     0.132499993    -0.032382011    -0.145025238     0.681225777     0.208702236   20  231.45  323.00   74.86   84.31    -5.90  -164.78  188.12   96.38  343.02   14.76    6.58   73.78   -47.23
    4   41     5.00   -20.00    37.14906    36.81459    10.000     1.6148    -0.311231017     0.300999999     0.010231018    -0.234363168     1.551255226     0.397587657   20  230.39  321.15   76.33   86.90    -3.19  -166.31  186.56   95.00  333.67   11.85    7.40   75.97   -41.66
    4   42     5.00   -10.00    37.20203    36.90579    10.000     2.5009    -0.502337456     0.426800013     0.075537324    -0.321270674     2.438039780     0.423771203   20  230.21  320.87   81.03   85.80    -4.25  -171.01  185.82   95.26  345.69    9.32    3.35   80.09   -36.77
    4   43     5.00     0.00    37.25500    36.99700    10.000     3.0759    -0.596728802     0.338900000     0.257828712    -0.267017156     3.020760059     0.327123731   20  229.78  320.13   84.19   86.51    -3.51  -174.18  185.05   94.86  350.97    6.58    1.64   83.22   -23.55
    4   44     5.00    10.00    37.30797    37.08821    10.000     3.1615    -0.587534785     0.275900006     0.311635017    -0.162615612     3.123390198     0.124945432   20  319.95  229.86   87.51   87.87  -177.86    -2.49  184.90  274.91    9.32    3.27    0.25   86.72   -17.40
    4   45     5.00    20.00    37.36094    37.17942    10.000     2.6371    -0.445269704     0.337000012     0.108269930    -0.092106007     2.620321035     0.073470004   20  321.01  230.97   88.35   88.62  -178.62    -1.65  185.98  275.99   11.02    2.14    0.19   87.85   -24.32
    4   46     5.00    30.00    37.41391    37.27063    10.000     1.5322    -0.209284663     0.364100009    -0.154815257    -0.075974941     1.530018449     0.010947745   20  323.49   53.52   86.93   89.34   179.34     3.07  188.46  278.54   65.64    1.71    2.64   86.86   -42.45
    5    1    10.00  -420.00    35.03024    33.16628     5.000     0.6311    -0.062545151     0.154900029    -0.092354864    -0.267101467     0.569951236     0.103456751   20  325.58   56.73   63.51   87.70   177.43    26.52  188.07  284.37   61.34   16.68   20.11   63.39   -52.15
    5    2    10.00  -410.00    35.08321    33.25749     5.000     1.2517    -0.126075044     0.273500055    -0.147425026    -0.469728887     1.158342004     0.123482764   20  324.55   55.67   66.86   87.40   177.17    23.16  187.78  282.53   61.72   14.23   18.06   66.70   -42.68
    5    3    10.00  -400.00    35.13618    33.34870     5.000     1.8625    -0.191830009     0.422700047    -0.230870008    -0.612900853     1.752768517     0.084984615   20  324.07   55.74   69.21   85.61   175.31    20.85  188.12  281.81   67.10   11.36   17.76   68.71   -38.86
    5    4    10.00  -390.00    35.18915    33.43990     5.000     2.5271    -0.256202728     0.601700127    -0.345497310    -0.761391640     2.388340473    -0.039264083   20  323.65   56.28   70.12   82.76   172.29    20.04  188.50  281.57   75.35    8.70   19.24   68.74   -34.67
    5    5    10.00  -380.00    35.24212    33.53111     5.000     2.9418    -0.244733483     0.628500104    -0.383766174    -0.799611330     2.806596279    -0.109392434   20  323.84   56.15   72.24   82.82   172.46    17.91  188.87  281.22   77.29    7.32   17.70   70.75   -30.35
    5    6    10.00  -370.00    35.29509    33.62232     5.000     3.4094    -0.237024337     0.734100103    -0.497075677    -0.844731569     3.262403488    -0.232231677   20  324.06   56.63   73.43   81.43   171.06    16.76  189.49  281.28   82.94    5.53   17.88   71.23   -28.65
    5    7    10.00  -360.00    35.34806    33.71353     5.000     3.5771    -0.146968752     0.666700125    -0.519731164    -0.759593308     3.454310894    -0.294706225   20  324.62   56.69   75.98   81.76   171.50    14.17  190.11  281.25   86.28    4.01   15.83   73.65   -24.88
    5    8    10.00  -350.00    35.40103    33.80473     5.000     3.8983    -0.110734612     0.653100133    -0.542365551    -0.717842221     3.778261900    -0.429487944   20  324.70   56.67   77.77   80.95   170.74    12.38  190.40  280.99   92.29    2.21   15.13   74.70   -21.33
    5    9    10.00  -340.00    35.45400    33.89594     5.000     3.6431    -0.029403239     0.650500000    -0.621096969    -0.674617410     3.539717674    -0.263492584   20  325.68   57.27   77.82   82.64   172.47    12.28  191.07  281.90   87.75    3.36   13.87   75.72   -25.65
    5   10    10.00  -330.00    35.50697    33.98715     5.000     3.7126    -0.063433327     0.751700103    -0.688266516    -0.783117235     3.577066183    -0.285402358   20  325.54   57.70   75.87   81.51   171.25    14.29  191.08  282.21   87.79    3.91   16.08   73.42   -27.65
    5   11    10.00  -320.00    35.55994    34.07836     5.000     3.7332    -0.115917720     0.664600134    -0.548682213    -0.863670528     3.575881720    -0.386576921   20  324.56   57.10   74.92   80.64   170.30    15.29  190.24  281.48   87.85    3.96   17.40   72.13   -20.63
    5   12    10.00  -310.00    35.61292    34.16957     5.000     3.5506    -0.138614342     0.564500093    -0.425885677    -0.855576396     3.401412964    -0.354510337   20  324.11   56.51   74.66   81.32   171.00    15.52  189.63  281.05   85.02    4.61   17.09   72.26   -17.57
    5   13    10.00  -300.00    35.66589    34.26077     5.000     3.3614    -0.135793015     0.531200111    -0.395406961    -0.858400106     3.214859009    -0.276564240   20  324.14   56.42   73.89   82.14   171.81    16.27  189.44  281.19   81.54    5.71   17.03   71.98   -18.30
    5   14    10.00  -290.00    35.71886    34.35198     5.000     3.2698    -0.136348397     0.461200058    -0.324851513    -0.801237345     3.134330750    -0.322421700   20  323.82   56.07   74.68   81.85   171.55    15.49  189.23  280.72   83.17    4.97   16.69   72.55   -14.72
    5   15    10.00  -280.00    35.77183    34.44319     5.000     3.3595    -0.164727002     0.431900054    -0.267173052    -0.743593931     3.229543924    -0.435499549   20  323.34   55.65   76.11   80.72   170.44    14.08  189.04  279.99   88.39    3.20   16.49   73.19   -11.36
    5   16    10.00  -270.00    35.82480    34.53440     5.000     3.6603    -0.258615643     0.541300118    -0.282684088    -0.841820180     3.503544331    -0.493797600   20  322.83   55.47   75.25   80.07   169.73    14.98  188.65  279.71   88.28    3.33   17.58   72.09   -13.53
    5   17    10.00  -260.00    35.87777    34.62560     5.000     3.8871    -0.242465064     0.584800124    -0.342334867    -0.856757462     3.745130539    -0.421636015   20  323.36   55.55   75.87   81.36   171.09    14.30  188.92  280.03   86.07    3.81   16.19   73.34   -16.84
    5   18    10.00  -250.00    35.93074    34.71681     5.000     3.8011    -0.119224586     0.583700120    -0.464475393    -0.777871609     3.695988655    -0.215914726   20  324.74   56.13   77.08   83.95   173.79    12.99  189.88  281.03   80.68    4.80   13.45   75.69   -22.14
    5   19    10.00  -240.00    35.98371    34.80802     5.000     4.2166     0.005016415     0.607300103    -0.612316012    -0.704494476     4.124500751    -0.267866731   20  325.64   56.76   79.41   84.03   173.93    10.65  190.87  281.54   85.70    3.24   11.74   77.81   -21.46
    5   20    10.00  -230.00    36.03668    34.89923     5.000     4.9987     0.002528631     0.858600140    -0.861129045    -0.831039011     4.879039764    -0.330435157   20  325.95   57.24   79.10   83.34   173.22    10.97  191.28  281.93   88.12    2.96   12.46   77.18   -25.84
    5   21    10.00  -220.00    36.08965    34.99043     5.000     5.9175    -0.094308898     1.105900049    -1.011591434    -1.051299691     5.755366325    -0.458533973   20  325.54   57.17   78.10   82.30   172.13    12.01  191.00  281.73   89.36    2.93   13.92   75.76   -27.00
    5   22    10.00  -210.00    36.14262    35.08164     5.000     6.8081    -0.225580990     1.259199977    -1.033619642    -1.308035374     6.597871780    -0.614889741   20  324.86   56.81   77.15   81.55   171.33    13.00  190.43  281.26   89.28    3.06   15.14   74.54   -25.09
    5   23    10.00  -200.00    36.19559    35.17285     5.000     7.4973    -0.335940897     1.248500228    -0.912559032    -1.428465128     7.262389183    -0.827262700   20  324.18   56.21   77.38   80.99   170.76    12.78  189.86  280.55   90.83    2.51   15.38   74.40   -20.85
    5   24    10.00  -190.00    36.24856    35.26406     5.000     7.6487    -0.415290654     1.129900217    -0.714609385    -1.402339578     7.410808086    -0.988144577   20  323.59   55.63   77.95   80.50   170.28    12.22  189.38  279.86   92.95    1.77   15.33   74.56   -16.89
    5   25    10.00  -180.00    36.30153    35.35526     5.000     7.2761    -0.375611603     0.997400105    -0.621788263    -1.230943680     7.078691959    -0.916754127   20  323.63   55.41   78.92   80.97   170.79    11.22  189.35  279.71   93.78    1.42   14.29   75.63   -16.22
    5   26    10.00  -170.00    36.35450    35.44647     5.000     6.2933    -0.261607438     0.686900139    -0.425292492    -1.000195980     6.159088135    -0.671802700   20  323.74   55.06   79.97   82.56   172.45    10.12  189.21  279.61   91.02    1.81   12.40   77.47   -13.33
    5   27    10.00  -160.00    36.40747    35.53768     5.000     4.6971    -0.085696958     0.487100065    -0.401403189    -0.554940343     4.641080379    -0.353286028   20  324.63   55.34   82.56   84.57   174.52     7.48  189.88  280.10   91.14    1.41    9.12   80.77   -15.82
    5   28    10.00  -150.00    36.46044    35.62889     5.000     2.7721     0.022296539     0.228700027    -0.250996351    -0.211519808     2.759852886     0.089278869   20  325.47  235.38   85.73   88.81  -178.80    -4.27  190.35  280.50   39.81    3.86    2.17   85.57   -16.56
    5   29    10.00  -140.00    36.51341    35.72010     5.000     2.4451    -0.153037921     0.261800051    -0.108762264    -0.348017335     2.420107365     0.038020685   20  323.76   53.82   81.75   89.59   179.59     8.25  188.49  279.08   56.64    5.53    6.11   81.74   -20.56
    5   30    10.00  -130.00    36.56638    35.81130     5.000     2.7513    -0.367200881     0.363200068     0.004000783    -0.531590104     2.661720276    -0.322167814   20  321.14   52.97   77.43   81.84   171.64    12.70  186.66  277.47   85.18    3.07   14.73   74.94   -15.04
    5   31    10.00  -120.00    36.61935    35.90251     5.000     3.0987    -0.465249330     0.365900069     0.099349260    -0.622162521     2.943794250    -0.611856341   20  319.84   52.69   76.81   78.02   167.69    13.48  186.14  276.41   93.58    0.83   17.94   72.03    -5.38
    5   32    10.00  -110.00    36.67233    35.99372     5.000     3.1732    -0.428128630     0.395400047     0.032728791    -0.672655940     2.976052046    -0.768121004   20   53.61  319.96   75.50   76.19    14.28   165.05    6.87  276.69   98.15    0.47   20.24   69.75    -1.21
    5   33    10.00  -100.00    36.72530    36.08493     5.000     2.8095    -0.290886432     0.370600045    -0.079713702    -0.617301464     2.650076151    -0.614522815   20  321.11   54.62   75.84   76.36   165.93    14.58  187.80  277.93   96.80    0.36   19.86   70.14    -3.96
    5   34    10.00   -90.00    36.77827    36.17613     5.000     2.8365    -0.193800822     0.313100070    -0.119299173    -0.350189388     2.685054779    -0.801669121   20   54.90  322.23   72.90   81.37     9.03   162.70    9.49  277.55  116.50    5.84   18.30   70.72    -5.22
    5   35    10.00   -80.00    36.83124    36.26734     5.000     2.7440    -0.111141443     0.289900005    -0.178758621    -0.024186056     2.593533993    -0.882408977   20   54.70  323.64   70.79   86.95     3.23   160.77   10.74  277.54  134.96   11.24   15.68   70.53   -16.25
    5   36    10.00   -70.00    36.88421    36.35855     5.000     2.4633    -0.041462056     0.287000000    -0.245537698     0.212479070     2.310410976    -0.850652218   20   54.66  145.04   70.12   88.93    -1.14  -160.12   11.62  278.11  148.00   14.69   13.13   70.09   -29.01
    5   37    10.00   -60.00    36.93718    36.44976     5.000     1.8351     0.025593892     0.212699965    -0.238293827     0.320783436     1.715484738    -0.619581342   20   54.85  146.76   72.30   84.04    -6.26  -162.20   12.08  279.61  164.68   16.76    8.14   71.26   -38.31
    5   38    10.00   -50.00    36.99015    36.54096     5.000     0.9911     0.093858734     0.077199973    -0.171058685     0.324836314     0.898087561    -0.300283015   20  150.25   56.70   72.74   78.75  -168.21   -17.60   12.66  104.19  205.12   20.35    4.12   69.21   -42.66
    5   39    10.00   -40.00    37.04312    36.63217     5.000     0.3799     0.095181920    -0.025600018    -0.069581918     0.232388556     0.275228024    -0.096282989   20  156.05   61.64   50.42   84.68  -173.09   -39.79   11.01  115.57  235.28   31.07   22.64   49.92   -25.17
    5   40    10.00   -30.00    37.09609    36.72338     5.000     0.8509    -0.125745118     0.133399993    -0.007654876    -0.162801921     0.815991521     0.207032174   20  231.03  322.50   77.57   83.33    -6.83  -167.49  187.26   96.29  350.12   13.55    4.02   75.85   -40.79
    5   41    10.00   -20.00    37.14906    36.81459     5.000     1.7712    -0.322839975     0.296499997     0.026340067    -0.271131396     1.698110104     0.443954796   20  230.34  321.28   76.20   86.18    -3.94  -166.17  186.60   95.05  336.43   12.47    6.98   75.66   -39.54
    5   42    10.00   -10.00    37.20203    36.90579     5.000     2.7389    -0.530529022     0.371900052     0.158628702    -0.353836745     2.667212009     0.446319401   20  229.90  320.62   81.28   85.27    -4.79  -171.25  185.50   95.03  348.83    9.53    2.80   80.06   -31.05
    5   43    10.00     0.00    37.25500    36.99700     5.000     3.3616    -0.640106320     0.266000003     0.374106288    -0.272306949     3.296539545     0.350126028   20  229.44  319.79   84.14   86.60    -3.41  -174.12  184.71   94.51  349.72    6.55    1.74   83.22   -17.81
    5   44    10.00    10.00    37.30797    37.08821     5.000     3.4520    -0.631997228     0.231399998     0.400597095    -0.143008515     3.406374931     0.173368692   20  229.64  319.73   87.14   88.15    -1.86  -177.14  184.71   94.67  352.68    3.33    0.71   86.59   -13.64
    5   45    10.00    20.00    37.36094    37.17942     5.000     2.9021    -0.455742955     0.312099993     0.143643260    -0.031300861     2.885359287     0.082814209   20  231.03  321.04   88.38   89.73    -0.27  -178.38  186.04   96.02  330.50    1.34    0.96   88.36   -20.48
    5   46    10.00    30.00    37.41391    37.27063     5.000     1.6729    -0.208762765     0.384999990    -0.176237285    -0.107360899     1.669379830     0.025592923   20  323.73   53.76   86.18   89.57   179.57     3.82  188.68  278.81   60.14    2.40    3.01   86.15   -41.37
