    1    1   -10.00  -420.00    35.03024    33.16628    25.000     0.2140     0.022900000    -0.187600002     0.164700001     0.108800001     0.047499999     0.039500002   20  322.76  232.72   57.41   89.94  -179.92   -32.59  182.85  282.62   52.61   22.44   22.34   57.41   -34.96
    1    2   -10.00  -410.00    35.08321    33.25749    25.000     0.3876     0.088699996    -0.367300004     0.278600007     0.187800005     0.062799998     0.098200001   20  324.23   56.28   59.06   86.59   176.02    31.00  186.08  284.75   61.94   18.75   23.93   58.83   -49.16
    1    3   -10.00  -400.00    35.13618    33.34870    25.000     0.6121     0.162799999    -0.606199980     0.443399996     0.225600004     0.130999997     0.159199998   20  322.53   56.54   61.90   82.53   171.53    28.36  186.42  283.12   70.08   13.95   25.15   60.75   -40.23
    1    4   -10.00  -390.00    35.18915    33.43990    25.000     0.7760     0.182500005    -0.773500025     0.591000021     0.218600005     0.189300001     0.199499995   20  321.79   55.63   65.65   81.60   170.77    24.64  186.50  281.23   73.29   10.85   23.26   64.06   -29.79
    1    5   -10.00  -380.00    35.24212    33.53111    25.000     0.8871     0.177200004    -0.885500014     0.708299994     0.193700001     0.202700004     0.245600000   20  322.42   55.31   69.94   82.16   171.65    20.26  187.42  280.47   75.59    8.40   19.82   68.34   -25.01
    1    6   -10.00  -370.00    35.29509    33.62232    25.000     1.0215     0.181899995    -1.015100002     0.833199978     0.153999999     0.236499995     0.305900007   20  322.93   55.66   73.26   81.01   170.61    16.95  188.45  280.22   82.80    5.34   18.31   70.87   -19.95
    1    7   -10.00  -360.00    35.34806    33.71353    25.000     0.9572     0.173099995    -0.951499999     0.778400004     0.134900004     0.180299997     0.326400012   20  324.48   56.46   75.41   82.46   172.21    14.72  189.80  281.19   82.99    4.90   15.72   73.50   -24.51
    1    8   -10.00  -350.00    35.40103    33.80473    25.000     1.0189     0.185499996    -1.014600039     0.829100013     0.096699998     0.181799993     0.366499990   20  325.02   56.80   77.83   81.81   171.63    12.30  190.57  281.28   89.95    2.78   14.46   75.26   -25.32
    1    9   -10.00  -340.00    35.45400    33.89594    25.000     1.1305     0.256599993    -1.138599992     0.882000029     0.118500002     0.209299996     0.421999991   20  325.29   57.60   76.33   80.58   170.30    13.86  191.03  281.90   91.17    2.94   16.43   73.29   -31.47
    1   10   -10.00  -330.00    35.50697    33.98715    25.000     1.1673     0.266700000    -1.170699954     0.903999984     0.127900004     0.234300002     0.434799999   20  325.15   57.82   75.45   79.82   169.48    14.79  191.03  281.99   91.61    3.02   17.61   72.11   -30.10
    1   11   -10.00  -320.00    35.55994    34.07836    25.000     1.1005     0.211600006    -1.089499950     0.877900004     0.137300000     0.213699996     0.402500004   20  325.14   57.34   75.74   81.41   171.13    14.43  190.69  281.84   87.49    3.93   16.25   73.26   -25.39
    1   12   -10.00  -310.00    35.61292    34.16957    25.000     1.0745     0.176200002    -1.049200058     0.873000026     0.155399993     0.254999995     0.353500009   20  323.84   56.57   73.65   80.77   170.38    16.57  189.43  281.05   84.90    4.91   18.21   71.09   -16.75
    1   13   -10.00  -300.00    35.66589    34.26077    25.000     0.9439     0.183899999    -0.930899978     0.746999979     0.157700002     0.196199998     0.331499994   20  324.70   57.23   73.25   81.66   171.28    16.93  190.07  281.94   82.72    5.80   17.84   71.18   -24.73
    1   14   -10.00  -290.00    35.71886    34.35198    25.000     0.9901     0.166400000    -0.975400031     0.809000015     0.137600005     0.206499994     0.332300007   20  324.21   56.44   74.90   81.79   171.50    15.26  189.64  281.07   84.07    4.77   16.56   72.72   -20.50
    1   15   -10.00  -280.00    35.77183    34.44319    25.000     1.0847     0.192300007    -1.073599935     0.881299973     0.135000005     0.267500013     0.333499998   20  323.01   56.02   73.90   79.67   169.24    16.37  188.87  280.23   87.43    3.97   18.84   70.72   -17.78
    1   16   -10.00  -270.00    35.82480    34.53440    25.000     1.1323     0.212599993    -1.121799946     0.909200013     0.153999999     0.277799994     0.355199993   20  323.19   56.32   73.26   79.70   169.23    17.02  189.02  280.57   86.63    4.42   19.27   70.19   -19.48
    1   17   -10.00  -260.00    35.87777    34.62560    25.000     0.9712     0.172999993    -0.962499976     0.789499998     0.172700003     0.168799996     0.329899997   20  324.67   56.35   74.41   84.02   173.79    15.68  189.62  281.45   76.70    6.69   15.29   73.24   -26.08
    1   18   -10.00  -250.00    35.93074    34.71681    25.000     1.1631     0.183699995    -1.145400047     0.961700022     0.196500003     0.200399995     0.392300010   20  324.62   56.11   75.14   84.41   174.22    14.93  189.55  281.22   76.16    6.46   14.49   74.08   -22.95
    1   19   -10.00  -240.00    35.98371    34.80802    25.000     1.2280     0.226300001    -1.226600051     1.000300050     0.164199993     0.176899999     0.445899993   20  325.41   56.66   77.55   84.37   174.23    12.51  190.51  281.59   80.51    4.77   12.82   76.29   -28.77
    1   20   -10.00  -230.00    36.03668    34.89923    25.000     1.4364     0.275500000    -1.431600094     1.156100035     0.131600007     0.219099998     0.551999986   20  325.92   57.33   78.93   82.80   172.66    11.16  191.32  281.94   89.77    2.70   12.97   76.74   -28.93
    1   21   -10.00  -220.00    36.08965    34.99043    25.000     1.7179     0.349099994    -1.712900043     1.363800049     0.189999998     0.269400001     0.666499972   20  326.02   57.62   77.75   82.69   172.52    12.36  191.40  282.26   87.76    3.45   13.89   75.67   -30.36
    1   22   -10.00  -210.00    36.14262    35.08164    25.000     1.9705     0.304300010    -1.940700054     1.636399984     0.169200003     0.365599990     0.696699977   20  324.84   56.54   78.36   81.83   171.66    11.76  190.40  281.00   90.85    2.42   14.07   75.72   -20.29
    1   23   -10.00  -200.00    36.19559    35.17285    25.000     2.1748     0.349299997    -2.158999920     1.809700012     0.175500005     0.412099987     0.737399995   20  324.35   56.13   78.30   81.46   171.28    11.83  189.97  280.53   91.46    2.20   14.38   75.44   -21.01
    1   24   -10.00  -190.00    36.24856    35.26406    25.000     2.2404     0.317900002    -2.216099977     1.898200035     0.172999993     0.409099996     0.741599977   20  324.18   55.72   78.97   82.10   171.95    11.13  189.70  280.22   90.65    2.18   13.44   76.38   -18.58
    1   25   -10.00  -180.00    36.30153    35.35526    25.000     2.1992     0.296999991    -2.169100046     1.872099996     0.141499996     0.451000005     0.698499978   20  323.64   55.47   78.76   80.86   170.68    11.39  189.37  279.75   93.72    1.47   14.48   75.44   -15.53
    1   26   -10.00  -170.00    36.35450    35.44647    25.000     1.9703     0.249100000    -1.950600028     1.701500058     0.095399998     0.365900010     0.615000010   20  323.59   55.05   80.26   81.53   171.40     9.85  189.22  279.42   95.37    0.88   12.93   77.03   -15.90
    1   27   -10.00  -160.00    36.40747    35.53768    25.000     1.5797     0.229900002    -1.580000043     1.350100040     0.113499999     0.247700006     0.508800030   20  324.02   55.21   80.14   83.22   173.12     9.93  189.39  279.84   89.18    2.16   11.80   78.00   -21.29
    1   28   -10.00  -150.00    36.46044    35.62889    25.000     0.8693     0.125300005    -0.872299969     0.746999979     0.072300002     0.012400000     0.308999985   20  325.50  235.42   85.85   88.88  -178.88    -4.15  190.39  280.53   40.38    3.72    2.14   85.71   -27.59
    1   29   -10.00  -140.00    36.51341    35.72010    25.000     0.6067     0.098099999    -0.613700032     0.515600026     0.100199997    -0.029200001     0.201299995   20  234.53  325.04   83.44   85.59    -4.44  -173.42  189.89   99.68  358.74    7.76    1.51   82.09   -33.78
    1   30   -10.00  -130.00    36.56638    35.81130    25.000     0.8037     0.111900002    -0.813300014     0.701399982     0.093000002     0.139599994     0.200000003   20  321.81   53.14   77.55   84.00   173.85    12.52  186.96  278.01   78.36    4.50   13.09   76.13   -19.59
    1   31   -10.00  -120.00    36.61935    35.90251    25.000     0.9496     0.132200003    -0.941399992     0.809199989     0.056400001     0.264899999     0.224700004   20  320.66   53.76   75.99   77.77   167.39    14.34  187.02  277.43   93.40    1.23   18.72   71.24    -8.50
    1   32   -10.00  -110.00    36.67233    35.99372    25.000     1.0148     0.123499997    -0.990799963     0.867299974     0.017600000     0.320300013     0.228900000   20   53.67  320.17   75.30   76.92    13.53   164.90    7.11  276.71  100.18    1.11   19.84   70.12    -1.65
    1   33   -10.00  -100.00    36.72530    36.08493    25.000     1.0798     0.127299994    -1.033399940     0.906099975    -0.046300001     0.393700004     0.237800002   20   53.96  319.87   71.20   78.16    12.52   160.78    7.80  275.89  109.38    4.74   21.90   67.54     3.65
    1   34   -10.00   -90.00    36.77827    36.17613    25.000     0.8772     0.112000003    -0.851199985     0.739199996    -0.024499999     0.268900007     0.234999999   20   54.80  321.61   73.77   79.20    11.25   163.46    8.82  277.51  109.36    3.74   19.28   70.33    -5.45
    1   35   -10.00   -80.00    36.83124    36.26734    25.000     0.7907     0.117600001    -0.763500035     0.645900011    -0.142600000     0.188899994     0.266099989   20   55.57  324.55   71.91   86.89     3.27   161.88   11.44  278.62  135.15   10.44   14.94   71.63   -25.33
    1   36   -10.00   -70.00    36.88421    36.35855    25.000     0.6840     0.131400004    -0.651399970     0.519999981    -0.204099998     0.133599997     0.273099989   20   56.61  147.27   71.67   88.02    -2.08  -161.66   13.43  280.48  153.21   14.29   11.42   71.56   -44.69
    1   37   -10.00   -60.00    36.93718    36.44976    25.000     0.5913     0.135499999    -0.568300009     0.432799995    -0.200800002     0.097300000     0.247899994   20   56.97  148.27   73.23   85.69    -4.50  -163.18   13.81  281.48  162.23   14.91    8.68   72.65   -54.36
    1   38   -10.00   -50.00    36.99015    36.54096    25.000     0.4876     0.101000004    -0.474299997     0.373299986    -0.129299998     0.075199999     0.199800000   20   56.90  147.62   75.16   87.29    -2.80  -165.14   13.21  281.33  157.72   12.39    8.49   74.90   -45.64
    1   39   -10.00   -40.00    37.04312    36.63217    25.000     0.1943     0.052900001    -0.189600006     0.136700004    -0.053399999     0.012900000     0.095200002   20  150.71   59.63   81.55   82.75  -172.67    -8.52   15.09  105.25  199.51   11.13    0.84   78.83   -56.32
    1   40   -10.00   -30.00    37.09609    36.72338    25.000     0.2353     0.075999998    -0.255899996     0.179900005     0.075000003     0.007900000     0.060500000   20  323.51  233.16   74.70   88.73  -178.68   -15.30  187.30  279.36   48.52   11.67    9.84   74.64   -63.03
    1   41   -10.00   -20.00    37.14906    36.81459    25.000     0.5046     0.162799999    -0.537999988     0.375200003     0.188400000    -0.084500000     0.110299997   20  230.82  140.17   67.56   88.44     1.69   157.55  187.71   93.23  316.40   14.51   16.81   67.50   -64.82
    1   42   -10.00   -10.00    37.20203    36.90579    25.000     0.7670     0.178900003    -0.829800010     0.650900006     0.112700000    -0.070000000     0.156100005   20  230.82  140.80   80.53   89.84     0.16   170.53  186.20   95.42  319.82    6.57    6.80   80.52   -43.20
    1   43   -10.00     0.00    37.25500    36.99700    25.000     0.8954     0.227899998    -0.973500013     0.745599985     0.153500006    -0.075700000     0.196999997   20  231.22  321.36   80.36   89.18    -0.83  -170.36  186.70   95.89  326.15    7.38    6.22   80.32   -47.70
    1   44   -10.00    10.00    37.30797    37.08821    25.000     0.8876     0.193599999    -0.957199991     0.763599992     0.078900002    -0.008400000     0.207000002   20  321.83  231.70   87.22   87.35  -177.34    -2.79  186.76  276.77    8.14    3.84    0.09   86.15   -40.31
    1   45   -10.00    20.00    37.36094    37.17942    25.000     0.8168     0.249699995    -0.912299991     0.662599981     0.066799998     0.028899999     0.204500005   20  322.28   52.40   84.46   88.72   178.71     5.55  187.21  277.46   65.37    3.01    4.83   84.31   -53.06
    1   46   -10.00    30.00    37.41391    37.27063    25.000     0.5019     0.130500004    -0.545899987     0.415399998     0.025800001    -0.029200001     0.138600007   20  233.08  142.93   84.93   88.38     1.63   174.93  188.10   97.90  305.26    2.44    4.73   84.68   -45.76
    2    1    -5.00  -420.00    35.03024    33.16628    20.000     0.3966     0.043800000    -0.346899986     0.303099990     0.203500003     0.087600000     0.075099997   20  322.95   53.00   57.11   89.92   179.90    32.89  183.00  282.96   53.13   22.52   22.64   57.11   -35.58
    2    2    -5.00  -410.00    35.08321    33.25749    20.000     0.7151     0.146200001    -0.686299980     0.540099978     0.315299988     0.110799998     0.180399999   20  323.98   55.00   62.54   88.05   177.80    27.47  186.15  282.95   58.75   17.57   20.50   62.46   -45.17
    2    3    -5.00  -400.00    35.13618    33.34870    20.000     1.1323     0.286700010    -1.127200007     0.840499997     0.398000002     0.223700002     0.303499997   20  322.94   56.12   63.87   83.56   172.82    26.31  186.78  282.60   68.90   13.42   23.00   62.97   -40.25
    2    4    -5.00  -390.00    35.18915    33.43990    20.000     1.4534     0.319999993    -1.448400021     1.128399968     0.405699998     0.318100005     0.392600000   20  322.52   55.48   67.15   83.02   172.42    23.03  186.98  281.24   71.43   10.87   21.13   65.99   -30.88
    2    5    -5.00  -380.00    35.24212    33.53111    20.000     1.7124     0.344300002    -1.715200067     1.370900035     0.357100010     0.368699998     0.492700011   20  322.82   55.46   70.91   82.42   171.98    19.27  187.83  280.57   76.13    7.94   18.94   69.35   -26.36
    2    6    -5.00  -370.00    35.29509    33.62232    20.000     1.9480     0.382200003    -1.948199987     1.565999985     0.294299990     0.429800004     0.609799981   20  323.37   56.10   73.37   80.94   170.54    16.85  188.91  280.64   83.58    5.22   18.28   70.93   -23.75
    2    7    -5.00  -360.00    35.34806    33.71353    20.000     1.9758     0.372700006    -1.969200015     1.596500039     0.237200007     0.402799994     0.671199977   20  324.26   56.58   75.58   81.07   170.77    14.61  189.88  281.01   87.37    3.80   16.61   72.93   -24.02
    2    8    -5.00  -350.00    35.40103    33.80473    20.000     2.0657     0.372000009    -2.054100037     1.682100058     0.157700002     0.388900012     0.741900027   20  324.93   56.83   78.27   80.93   170.74    11.88  190.64  281.13   93.66    1.85   14.79   75.09   -24.19
    2    9    -5.00  -340.00    35.45400    33.89594    20.000     2.0901     0.444000006    -2.092700005     1.648699999     0.203700006     0.365399987     0.796199977   20  325.63   57.60   77.38   81.29   171.07    12.77  191.26  282.00   91.35    2.72   15.16   74.58   -30.25
    2   10    -5.00  -330.00    35.50697    33.98715    20.000     2.1740     0.478399992    -2.171400070     1.692999959     0.239800006     0.427899987     0.817700028   20  325.33   57.83   75.76   80.23   169.92    14.45  191.12  282.08   91.18    3.10   17.09   72.61   -29.24
    2   11    -5.00  -320.00    35.55994    34.07836    20.000     2.0745     0.396800011    -2.048199892     1.651399970     0.256900012     0.428700000     0.752600014   20  324.97   57.39   75.31   80.82   170.50    14.89  190.62  281.79   88.37    3.81   16.99   72.56   -23.97
    2   12    -5.00  -310.00    35.61292    34.16957    20.000     2.0518     0.334300011    -2.005100012     1.670799971     0.276300013     0.483999997     0.679199994   20  323.89   56.58   74.17   80.60   170.23    16.05  189.55  280.99   86.16    4.44   17.96   71.46   -16.68
    2   13    -5.00  -300.00    35.66589    34.26077    20.000     1.8161     0.303600013    -1.776900053     1.473299980     0.306899995     0.376300007     0.618099988   20  324.46   56.67   73.63   82.53   172.21    16.51  189.66  281.54   80.37    6.16   16.93   71.92   -20.80
    2   14    -5.00  -290.00    35.71886    34.35198    20.000     1.9124     0.305799991    -1.877099991     1.571300030     0.250999987     0.417600006     0.633800030   20  324.02   56.35   75.00   81.38   171.07    15.17  189.55  280.88   85.28    4.41   16.80   72.60   -18.15
    2   15    -5.00  -280.00    35.77183    34.44319    20.000     1.9467     0.295899987    -1.911299944     1.615399957     0.225600004     0.458499998     0.609099984   20  323.33   55.87   75.14   80.52   170.19    15.07  189.04  280.20   87.32    3.72   17.33   72.25   -15.10
    2   16    -5.00  -270.00    35.82480    34.53440    20.000     2.0570     0.338800013    -2.028899908     1.690099955     0.280600011     0.485700011     0.631200016   20  323.14   55.82   73.98   80.75   170.37    16.24  188.75  280.27   84.71    4.67   17.99   71.37   -17.17
    2   17    -5.00  -260.00    35.87777    34.62560    20.000     1.9749     0.331299990    -1.955299973     1.623999953     0.305299997     0.377799988     0.648400009   20  324.15   56.05   74.87   83.01   172.76    15.24  189.33  280.92   80.10    5.66   15.70   73.27   -22.48
    2   18    -5.00  -250.00    35.93074    34.71681    20.000     2.1629     0.346300006    -2.135600090     1.789299965     0.339199990     0.369899988     0.733699977   20  324.64   56.14   75.70   84.15   173.96    14.37  189.66  281.16   77.83    5.89   14.28   74.51   -23.16
    2   19    -5.00  -240.00    35.98371    34.80802    20.000     2.3410     0.423500001    -2.333499908     1.909999967     0.284000009     0.342900008     0.859200001   20  325.49   56.76   78.03   84.04   173.90    12.03  190.67  281.61   82.75    4.19   12.71   76.59   -27.89
    2   20    -5.00  -230.00    36.03668    34.89923    20.000     2.7371     0.492100000    -2.716099977     2.223999977     0.261500001     0.401899993     1.049399972   20  325.95   57.21   79.17   83.42   173.30    10.90  191.26  281.91   87.97    2.97   12.35   77.29   -27.47
    2   21    -5.00  -220.00    36.08965    34.99043    20.000     3.2774     0.631500006    -3.260800123     2.629300117     0.381399989     0.500100017     1.253900051   20  325.91   57.36   77.83   83.28   173.13    12.25  191.20  282.10   85.66    3.80   13.40   76.05   -29.13
    2   22    -5.00  -210.00    36.14262    35.08164    20.000     3.7607     0.615899980    -3.718400002     3.102499962     0.356400013     0.695200026     1.325999975   20  324.81   56.56   77.86   81.90   171.71    12.27  190.34  281.06   89.51    2.82   14.38   75.33   -21.86
    2   23    -5.00  -200.00    36.19559    35.17285    20.000     4.1702     0.629100025    -4.126200199     3.497100115     0.321399987     0.805800021     1.394299984   20  324.20   55.97   78.45   81.40   171.22    11.68  189.83  280.35   91.87    2.05   14.32   75.53   -19.11
    2   24    -5.00  -190.00    36.24856    35.26406    20.000     4.2758     0.592100024    -4.228199959     3.636100054     0.302800000     0.805899978     1.389799953   20  323.96   55.57   79.06   81.74   171.58    11.06  189.54  280.00   91.90    1.87   13.64   76.23   -17.54
    2   25    -5.00  -180.00    36.30153    35.35526    20.000     4.1105     0.566500008    -4.057300091     3.490799904     0.288100004     0.834299982     1.312399983   20  323.70   55.53   78.55   81.06   170.88    11.59  189.40  279.85   92.67    1.75   14.49   75.40   -16.15
    2   26    -5.00  -170.00    36.35450    35.44647    20.000     3.6741     0.446099997    -3.628200054     3.182100058     0.218099996     0.674099982     1.147099972   20  323.62   55.04   79.94   82.02   171.89    10.16  189.17  279.50   92.82    1.45   12.81   77.11   -15.16
    2   27    -5.00  -160.00    36.40747    35.53768    20.000     2.8700     0.375299990    -2.850699902     2.475399971     0.166700006     0.432399988     0.942099988   20  324.25   55.28   81.17   83.39   173.31     8.89  189.62  279.92   91.63    1.56   10.95   78.94   -19.23
    2   28    -5.00  -150.00    36.46044    35.62889    20.000     1.6138     0.185499996    -1.598600030     1.413100004     0.142399997     0.030500000     0.563600004   20  325.32  235.23   85.43   88.82  -178.81    -4.57  190.19  280.36   40.74    4.07    2.39   85.28   -22.54
    2   29    -5.00  -140.00    36.51341    35.72010    20.000     1.0917     0.128000006    -1.080899954     0.952899992     0.191100001    -0.060400002     0.351900011   20  234.20  324.83   82.55   85.17    -4.87  -172.53  189.66   99.37  357.51    8.69    1.84   81.11   -26.90
    2   30    -5.00  -130.00    36.56638    35.81130    20.000     1.4340     0.177100003    -1.446300030     1.269199967     0.169900000     0.242400005     0.338499993   20  321.49   52.65   77.78   84.66   174.54    12.27  186.55  277.61   75.80    4.81   12.44   76.63   -17.49
    2   31    -5.00  -120.00    36.61935    35.90251    20.000     1.8057     0.239099994    -1.786000013     1.546900034     0.103399999     0.515399992     0.408600003   20  320.33   53.47   75.94   77.65   167.26    14.40  186.71  277.11   93.28    1.17   18.84   71.12    -6.65
    2   32    -5.00  -110.00    36.67233    35.99372    20.000     1.8694     0.236800000    -1.827099919     1.590299964     0.040600002     0.588299990     0.430700004   20   53.84  320.30   75.36   76.69    13.76   164.95    7.23  276.89   99.73    0.91   19.97   70.01    -2.49
    2   33    -5.00  -100.00    36.72530    36.08493    20.000     1.8110     0.228100002    -1.750600100     1.522500038    -0.013400000     0.619000018     0.423099995   20   54.21  320.29   73.22   77.20    13.38   162.78    7.74  276.69  104.71    2.72   21.15   68.66     0.49
    2   34    -5.00   -90.00    36.77827    36.17613    20.000     1.6460     0.237700000    -1.610199928     1.372499943    -0.024900001     0.484200001     0.460599989   20   55.14  321.95   74.39   78.74    11.69   164.07    9.04  277.99  107.58    3.00   19.17   70.58    -9.22
    2   35    -5.00   -80.00    36.83124    36.26734    20.000     1.5094     0.181500003    -1.447799921     1.266299963    -0.246099994     0.365500003     0.485000014   20   55.14  324.13   72.49   86.80     3.35   162.46   10.93  278.30  134.12    9.98   14.60   72.18   -19.20
    2   36    -5.00   -70.00    36.88421    36.35855    20.000     1.3322     0.221000001    -1.260599971     1.039600015    -0.390700012     0.270099998     0.505800009   20   56.02  146.68   71.29   88.05    -2.06  -161.27   12.91  279.83  152.43   14.54   11.70   71.18   -40.05
    2   37    -5.00   -60.00    36.93718    36.44976    20.000     1.0971     0.206000000    -1.036900043     0.830900013    -0.372000009     0.185900003     0.442400008   20   56.42  147.92   72.84   85.17    -5.05  -162.77   13.40  281.00  163.11   15.56    8.58   72.13   -48.58
    2   38    -5.00   -50.00    36.99015    36.54096    20.000     0.8342     0.145199999    -0.793300033     0.648100019    -0.255699992     0.109800003     0.340799987   20   56.63  148.15   76.10   83.90    -6.29  -166.02   13.10  281.72  171.27   14.18    5.43   74.77   -44.62
    2   39    -5.00   -40.00    37.04312    36.63217    20.000     0.3576     0.076099999    -0.336699992     0.260600001    -0.110399999     0.022600001     0.171700001   20  150.78   59.30   79.51   82.08  -171.95   -10.59   14.82  105.24  202.91   13.07    1.79   76.81   -49.92
    2   40    -5.00   -30.00    37.09609    36.72338    20.000     0.5056     0.108599998    -0.529900014     0.421299994     0.122400001    -0.008400000     0.135199994   20  323.44  232.54   81.69   83.90  -173.84    -8.36  187.85  278.13   16.67   10.21    1.55   79.67   -45.70
    2   41    -5.00   -20.00    37.14906    36.81459    20.000     0.9732     0.272500008    -1.046800017     0.774299979     0.283499986    -0.118000001     0.211700007   20  230.83  321.24   74.62   88.51    -1.54  -164.61  187.07   95.00  326.63   11.89    9.74   74.54   -56.48
    2   42    -5.00   -10.00    37.20203    36.90579    20.000     1.4818     0.321500003    -1.582999945     1.261500001     0.255100012    -0.157600001     0.304600000   20  230.85  320.87   79.02   89.89    -0.11  -169.02  186.39   95.33  321.43    7.82    7.67   79.02   -41.29
    2   43    -5.00     0.00    37.25500    36.99700    20.000     1.7761     0.351999998    -1.888700008     1.536700010     0.308400005    -0.139300004     0.355199993   20  230.58  320.90   80.81   88.04    -1.99  -170.80  186.10   95.39  332.82    7.88    5.09   80.60   -39.29
    2   44    -5.00    10.00    37.30797    37.08821    20.000     1.7857     0.288899988    -1.884999990     1.596099973     0.184599996     0.021900000     0.361600012   20  320.97  230.80   85.47   87.94  -177.93    -4.53  185.81  275.96   26.41    4.66    1.74   85.02   -31.23
    2   45    -5.00    20.00    37.36094    37.17942    20.000     1.5854     0.289799988    -1.689199924     1.399399996     0.075400002     0.037900001     0.348800004   20  321.37   51.38   86.96   89.80   179.80     3.04  186.33  276.41   55.21    2.01    2.29   86.95   -33.56
    2   46    -5.00    30.00    37.41391    37.27063    20.000     0.9636     0.190799996    -1.026800036     0.836000025     0.025699999     0.000300000     0.246000007   20  322.40  232.39   88.96   89.39  -179.39    -1.04  187.40  277.40   22.07    1.17    0.31   88.79   -36.12
    3    1     0.00  -420.00    35.03024    33.16628    15.000     0.5118     0.084700003    -0.470200002     0.385500014     0.246700004     0.092399999     0.120800003   20  323.95   54.71   59.74   88.70   178.50    30.27  185.21  283.56   56.93   19.90   21.86   59.70   -41.38
    3    2     0.00  -410.00    35.08321    33.25749    15.000     0.9958     0.210899994    -0.972599983     0.761699975     0.391499996     0.157900006     0.264400005   20  323.84   55.14   64.63   87.27   176.98    25.40  186.69  282.43   60.87   15.62   19.68   64.46   -42.39
    3    3     0.00  -400.00    35.13618    33.34870    15.000     1.4815     0.351900011    -1.482599974     1.130699992     0.482400000     0.259999990     0.418000013   20  323.51   55.76   66.56   84.82   174.36    23.54  187.38  282.08   67.46   12.56   20.19   65.93   -39.78
    3    4     0.00  -390.00    35.18915    33.43990    15.000     2.0018     0.457700014    -2.011899948     1.554200053     0.511200011     0.410600007     0.578700006   20  323.05   55.87   68.68   82.82   172.29    21.50  187.75  281.36   73.48    9.71   20.21   67.39   -32.52
    3    5     0.00  -380.00    35.24212    33.53111    15.000     2.3767     0.510999978    -2.391200066     1.880200028     0.474799991     0.496499985     0.721400023   20  323.26   55.98   71.32   82.01   171.57    18.87  188.41  280.96   78.10    7.37   18.95   69.57   -28.63
    3    6     0.00  -370.00    35.29509    33.62232    15.000     2.6301     0.554799974    -2.642499924     2.087699890     0.411700010     0.536400020     0.866199970   20  323.96   56.54   73.55   81.34   170.96    16.65  189.42  281.16   83.27    5.38   17.86   71.29   -27.66
    3    7     0.00  -360.00    35.34806    33.71353    15.000     2.8096     0.526499987    -2.799499989     2.273000002     0.313400000     0.569000006     0.962899983   20  324.35   56.63   76.03   80.95   170.67    14.15  190.01  281.01   88.57    3.42   16.38   73.25   -23.94
    3    8     0.00  -350.00    35.40103    33.80473    15.000     2.8897     0.504100025    -2.866700172     2.362600088     0.240600005     0.536000013     1.037199974   20  324.96   56.79   78.17   81.35   171.16    11.96  190.59  281.17   92.15    2.21   14.55   75.27   -23.51
    3    9     0.00  -340.00    35.45400    33.89594    15.000     2.8381     0.539900005    -2.818400145     2.278500080     0.278899997     0.479499996     1.078799963   20  325.71   57.40   77.97   82.11   171.93    12.14  191.20  281.93   89.94    2.88   14.15   75.55   -27.34
    3   10     0.00  -330.00    35.50697    33.98715    15.000     2.9511     0.609399974    -2.931299925     2.321899891     0.337399989     0.569400012     1.112200022   20  325.43   57.73   76.01   80.85   170.56    14.18  191.11  282.10   89.94    3.35   16.47   73.18   -27.60
    3   11     0.00  -320.00    35.55994    34.07836    15.000     2.8934     0.533999979    -2.846999884     2.312999964     0.356500000     0.628700018     1.031000018   20  324.71   57.27   75.04   80.49   170.16    15.17  190.43  281.61   88.62    3.77   17.41   72.16   -21.86
    3   12     0.00  -310.00    35.61292    34.16957    15.000     2.7900     0.445199996    -2.725600004     2.280400038     0.370000005     0.637499988     0.934400022   20  324.07   56.59   74.59   80.94   170.60    15.61  189.67  281.05   86.00    4.39   17.41   72.01   -16.96
    3   13     0.00  -300.00    35.66589    34.26077    15.000     2.5601     0.387800008    -2.493599892     2.105799913     0.414299995     0.539099991     0.856800020   20  324.28   56.40   74.06   82.64   172.34    16.08  189.49  281.26   80.36    5.95   16.55   72.36   -17.97
    3   14     0.00  -290.00    35.71886    34.35198    15.000     2.6310     0.399199992    -2.570499897     2.171299934     0.357100010     0.595700026     0.857599974   20  323.83   56.23   74.63   81.35   171.03    15.55  189.35  280.78   84.61    4.65   17.08   72.26   -16.07
    3   15     0.00  -280.00    35.77183    34.44319    15.000     2.6585     0.359899998    -2.596800089     2.236900091     0.304899991     0.614700019     0.825999975   20  323.33   55.65   75.60   81.07   170.78    14.58  188.95  280.08   86.49    3.79   16.59   72.95   -12.92
    3   16     0.00  -270.00    35.82480    34.53440    15.000     2.7701     0.424299985    -2.727099895     2.302799940     0.339899987     0.647400022     0.846599996   20  323.12   55.64   74.86   80.80   170.46    15.34  188.77  280.05   85.88    4.10   17.33   72.17   -15.57
    3   17     0.00  -260.00    35.87777    34.62560    15.000     2.8679     0.449999988    -2.833899975     2.383899927     0.414999992     0.576900005     0.910099983   20  323.75   55.72   75.07   82.65   172.40    15.06  189.01  280.51   81.14    5.27   15.82   73.28   -19.76
    3   18     0.00  -250.00    35.93074    34.71681    15.000     2.8885     0.449000001    -2.851500034     2.402499914     0.430900007     0.472099990     0.987500012   20  324.75   56.10   76.41   84.44   174.28    13.65  189.76  281.12   77.84    5.60   13.57   75.28   -22.95
    3   19     0.00  -240.00    35.98371    34.80802    15.000     3.2083     0.525300026    -3.174499989     2.649199963     0.349000007     0.458600014     1.189800024   20  325.63   56.75   78.96   84.27   174.16    11.10  190.81  281.59   83.72    3.72   11.89   77.52   -25.28
    3   20     0.00  -230.00    36.03668    34.89923    15.000     3.7973     0.659799993    -3.756600142     3.096800089     0.356700003     0.566799998     1.454900026   20  325.94   57.20   79.23   83.37   173.25    10.85  191.26  281.89   88.27    2.90   12.34   77.31   -26.31
    3   21     0.00  -220.00    36.08965    34.99043    15.000     4.5524     0.837100029    -4.523499966     3.686399937     0.489100009     0.724900007     1.707100034   20  325.63   57.13   78.07   82.97   172.82    12.02  190.98  281.80   87.00    3.42   13.46   76.10   -27.20
    3   22     0.00  -210.00    36.14262    35.08164    15.000     5.2171     0.905200005    -5.178400040     4.273200035     0.508199990     0.964200020     1.843400002   20  324.81   56.64   77.59   81.76   171.56    12.54  190.36  281.12   89.44    2.90   14.67   75.03   -23.41
    3   23     0.00  -200.00    36.19559    35.17285    15.000     5.7555     0.884199977    -5.697299957     4.813099861     0.454200000     1.128999949     1.922700047   20  324.17   56.01   78.22   81.25   171.06    11.92  189.82  280.37   91.79    2.11   14.59   75.25   -19.29
    3   24     0.00  -190.00    36.24856    35.26406    15.000     5.9087     0.846899986    -5.847400188     5.000500202     0.406599998     1.162400007     1.913699985   20  323.87   55.63   78.76   81.20   171.03    11.37  189.54  279.97   92.88    1.70   14.24   75.66   -17.63
    3   25     0.00  -180.00    36.30153    35.35526    15.000     5.6501     0.764800012    -5.575600147     4.810800076     0.389099985     1.153800011     1.786599994   20  323.61   55.43   78.59   81.03   170.85    11.56  189.31  279.75   92.75    1.70   14.49   75.41   -15.64
    3   26     0.00  -170.00    36.35450    35.44647    15.000     4.9873     0.574100018    -4.910399914     4.336299896     0.308400005     0.908100009     1.559399962   20  323.65   55.03   79.97   82.26   172.13    10.12  189.16  279.52   92.08    1.59   12.61   77.28   -14.19
    3   27     0.00  -160.00    36.40747    35.53768    15.000     3.8193     0.456499994    -3.776100159     3.319600105     0.213499993     0.540199995     1.265900016   20  324.40   55.28   81.76   83.95   173.88     8.29  189.70  279.98   91.18    1.54   10.13   79.75   -17.91
    3   28     0.00  -150.00    36.46044    35.62889    15.000     2.2442     0.245800003    -2.216199875     1.970399976     0.198599994     0.074800000     0.782299995   20  325.29  235.24   84.81   89.55  -179.54    -5.19  190.15  280.38   50.25    3.99    3.34   84.79   -21.27
    3   29     0.00  -140.00    36.51341    35.72010    15.000     1.6063     0.186100006    -1.600800037     1.414700031     0.235799998     0.004900000     0.509199977   20  324.55  234.16   83.73   86.43  -176.41    -6.28  189.24  279.47   24.66    6.96    1.90   82.78   -24.87
    3   30     0.00  -130.00    36.56638    35.81130    15.000     1.9671     0.257900000    -1.986199975     1.728299975     0.225600004     0.354299992     0.467700005   20  321.46   52.83   77.41   83.89   173.74    12.66  186.62  277.69   78.18    4.52   13.26   75.96   -17.76
    3   31     0.00  -120.00    36.61935    35.90251    15.000     2.5138     0.275000006    -2.467200041     2.192199945     0.083200000     0.742999971     0.525799990   20  319.83   52.89   76.99   77.00   166.65    13.36  186.36  276.36   96.33    0.01   18.56   71.44    -1.90
    3   32     0.00  -110.00    36.67233    35.99372    15.000     2.5008     0.304300010    -2.440999985     2.136699915     0.059500001     0.787999988     0.567099988   20   53.71  320.20   75.54   76.67    13.77   165.13    7.09  276.81   99.24    0.78   19.85   70.13    -1.58
    3   33     0.00  -100.00    36.72530    36.08493    15.000     2.2714     0.288500011    -2.207200050     1.918699980     0.055100001     0.726000011     0.557799995   20   54.38  320.74   75.14   76.54    13.93   164.71    7.73  277.37  100.33    0.96   20.24   69.74    -1.86
    3   34     0.00   -90.00    36.77827    36.17613    15.000     2.2291     0.296600014    -2.166700125     1.870100021    -0.085000001     0.665400028     0.620400012   20   55.02  321.98   73.64   79.79    10.65   163.37    9.19  277.73  111.29    4.23   18.94   70.56    -7.80
    3   35     0.00   -80.00    36.83124    36.26734    15.000     2.1186     0.247999996    -2.024999857     1.776999950    -0.354200006     0.536800027     0.667100012   20   55.03  323.91   71.80   86.61     3.57   161.76   10.86  278.02  133.73   10.32   15.23   71.46   -18.03
    3   36     0.00   -70.00    36.88421    36.35855    15.000     1.8734     0.247999996    -1.753600001     1.505599976    -0.550300002     0.398299992     0.663900018   20   55.23  146.00   70.63   87.82    -2.31  -160.62   12.28  278.99  152.16   15.15   11.99   70.50   -34.57
    3   37     0.00   -60.00    36.93718    36.44976    15.000     1.4229     0.203999996    -1.318099976     1.114099979    -0.499900013     0.216399997     0.557099998   20   55.91  147.98   73.74   82.95    -7.35  -163.61   12.94  281.03  170.64   16.55    6.38   72.19   -43.93
    3   38     0.00   -50.00    36.99015    36.54096    15.000     0.9463     0.141200006    -0.871800005     0.730599999    -0.341699988     0.084799998     0.398999989   20   57.05  149.38   78.31   78.89   -11.35  -168.08   13.27  283.16  191.78   16.23    0.40   73.76   -45.62
    3   39     0.00   -40.00    37.04312    36.63217    15.000     0.4787     0.093199998    -0.447200000     0.354000002    -0.161400005     0.033799998     0.220699996   20  150.42   58.60   78.77   80.91  -170.73   -11.37   14.31  104.69  200.44   14.44    1.49   75.48   -49.57
    3   40     0.00   -30.00    37.09609    36.72338    15.000     0.6411     0.131400004    -0.658999979     0.527599990     0.185299993    -0.055700000     0.175500005   20  232.43  323.67   78.17   84.10    -6.03  -168.10  188.52   97.60  349.69   12.58    4.15   76.74   -47.32
    3   41     0.00   -20.00    37.14906    36.81459    15.000     1.3510     0.275500000    -1.416699886     1.141199946     0.321799994    -0.162599996     0.282599986   20  230.74  321.15   76.51   88.28    -1.77  -166.50  186.74   95.16  328.27   10.73    8.27   76.39   -42.48
    3   42     0.00   -10.00    37.20203    36.90579    15.000     2.0649     0.365700006    -2.172100067     1.806399941     0.381000012    -0.169699997     0.400900006   20  230.38  320.78   80.29   87.61    -2.42  -170.28  185.97   95.19  334.47    8.55    5.15   80.00   -36.40
    3   43     0.00     0.00    37.25500    36.99700    15.000     2.5305     0.362500012    -2.647099972     2.284600019     0.358200014    -0.106799997     0.454800010   20  230.02  320.37   83.68   86.77    -3.25  -173.67  185.32   95.07  347.30    6.76    2.18   82.90   -29.51
    3   44     0.00    10.00    37.30797    37.08821    15.000     2.5816     0.335999995    -2.697200060     2.361200094     0.224999994     0.012900000     0.474099994   20  320.39  230.25   86.42   87.75  -177.75    -3.58  185.28  275.35   18.12    4.12    0.94   85.77   -25.50
    3   45     0.00    20.00    37.36094    37.17942    15.000     2.1925     0.331900001    -2.306300163     1.974400043     0.117399998     0.037200000     0.460799992   20  321.10  231.07   87.12   89.49  -179.49    -2.88  186.05  276.12   40.99    2.40    1.67   87.07   -28.40
    3   46     0.00    30.00    37.41391    37.27063    15.000     1.2799     0.261500001    -1.361600041     1.100100040     0.045499999     0.003500000     0.348600000   20  322.92  232.90   88.48   89.36  -179.36    -1.52  187.90  277.92   30.29    1.53    0.63   88.35   -37.21
    4    1     5.00  -420.00    35.03024    33.16628    10.000     0.5748     0.126200005    -0.554000020     0.427800000     0.252700001     0.070400000     0.167300001   20  325.35   56.06   63.77   88.57   178.40    26.24  187.65  283.84   58.97   17.15   19.28   63.72   -49.07
    4    2     5.00  -410.00    35.08321    33.25749    10.000     1.1799     0.254099995    -1.162799954     0.908699989     0.431699991     0.169100001     0.338699996   20  324.37   55.46   66.61   87.49   177.26    23.41  187.53  282.39   61.24   14.46   18.16   66.46   -42.43
    4    3     5.00  -400.00    35.13618    33.34870    10.000     1.7174     0.394600004    -1.723700047     1.329100013     0.524800003     0.270399988     0.511399984   20  324.05   55.77   68.53   85.64   175.31    21.54  187.99  281.95   66.68   11.83   18.22   68.04   -39.68
    4    4     5.00  -390.00    35.18915    33.43990    10.000     2.3638     0.562699974    -2.392400026     1.829699993     0.549199998     0.464300007     0.721000016   20  323.46   56.24   69.93   82.43   171.93    20.26  188.38  281.47   75.89    8.60   19.63   68.43   -33.89
    4    5     5.00  -380.00    35.24212    33.53111    10.000     2.7975     0.611500025    -2.818500042     2.207000017     0.542800009     0.568499982     0.873700023   20  323.54   56.20   71.75   82.00   171.57    18.43  188.73  281.12   78.86    7.07   18.65   69.96   -29.55
    4    6     5.00  -370.00    35.29509    33.62232    10.000     3.0930     0.664499998    -3.109999895     2.445499897     0.514199972     0.604900002     1.032999992   20  324.18   56.65   73.40   81.80   171.44    16.78  189.53  281.38   81.96    5.81   17.63   71.38   -29.19
    4    7     5.00  -360.00    35.34806    33.71353    10.000     3.3057     0.614499986    -3.291200161     2.676700115     0.394300014     0.644400001     1.144000053   20  324.53   56.66   76.02   81.52   171.26    14.14  190.07  281.16   87.02    3.81   15.97   73.56   -24.46
    4    8     5.00  -350.00    35.40103    33.80473    10.000     3.5530     0.602299988    -3.516000032     2.913700104     0.299499989     0.693400025     1.254099965   20  324.73   56.68   77.82   81.02   170.81    12.33  190.42  281.02   92.22    2.22   15.04   74.79   -21.86
    4    9     5.00  -340.00    35.45400    33.89594    10.000     3.3499     0.606999993    -3.314599991     2.707600117     0.356599987     0.553200006     1.269600034   20  325.73   57.30   77.91   82.68   172.51    12.19  191.12  281.94   87.86    3.32   13.78   75.81   -26.25
    4   10     5.00  -330.00    35.50697    33.98715    10.000     3.4714     0.706300020    -3.442899942     2.736599922     0.429899991     0.658900023     1.306499958   20  325.47   57.70   75.77   81.28   171.00    14.40  191.05  282.16   88.27    3.82   16.32   73.22   -27.45
    4   11     5.00  -320.00    35.55994    34.07836    10.000     3.4808     0.622399986    -3.417999983     2.795599937     0.437599987     0.778199971     1.216799974   20  324.48   57.11   74.79   80.44   170.09    15.43  190.20  281.44   88.14    3.91   17.64   71.91   -20.34
    4   12     5.00  -310.00    35.61292    34.16957    10.000     3.3100     0.525300026    -3.235700130     2.710400105     0.443899989     0.745500028     1.106099963   20  324.07   56.52   74.66   81.15   170.82    15.53  189.63  281.02   85.49    4.49   17.21   72.17   -17.21
    4   13     5.00  -300.00    35.66589    34.26077    10.000     3.0895     0.465400010    -3.010600090     2.545200109     0.486999989     0.661199987     1.025200009   20  324.16   56.33   74.13   82.43   172.13    16.02  189.42  281.14   80.99    5.75   16.65   72.33   -17.44
    4   14     5.00  -290.00    35.71886    34.35198    10.000     3.0613     0.441700011    -2.982500076     2.540800095     0.433699995     0.690100014     0.988600016   20  323.78   56.09   74.50   81.74   171.43    15.66  189.21  280.73   83.21    5.01   16.89   72.34   -15.08
    4   15     5.00  -280.00    35.77183    34.44319    10.000     3.1790     0.416299999    -3.099800110     2.683500051     0.340900004     0.754499972     0.977500021   20  323.20   55.57   75.78   80.71   170.42    14.41  188.89  279.92   87.70    3.42   16.73   72.91   -11.53
    4   16     5.00  -270.00    35.82480    34.53440    10.000     3.3965     0.521399975    -3.345299959     2.823899984     0.381900012     0.822099984     1.022600055   20  322.91   55.57   74.99   80.18   169.83    15.23  188.69  279.83   87.63    3.58   17.68   71.94   -14.67
    4   17     5.00  -260.00    35.87777    34.62560    10.000     3.5182     0.526300013    -3.472599983     2.946300030     0.461899996     0.736299992     1.092499971   20  323.47   55.51   75.45   82.17   171.90    14.69  188.85  280.18   82.98    4.66   15.91   73.39   -17.67
    4   18     5.00  -250.00    35.93074    34.71681    10.000     3.4186     0.521300018    -3.373100042     2.851799965     0.476500005     0.552399993     1.177899957   20  324.82   56.13   76.96   84.36   174.21    13.10  189.88  281.10   79.01    5.17   13.24   75.75   -22.46
    4   19     5.00  -240.00    35.98371    34.80802    10.000     3.8634     0.575999975    -3.796299934     3.220299959     0.386099994     0.566500008     1.434800029   20  325.63   56.73   79.37   84.14   174.04    10.68  190.84  281.54   85.14    3.34   11.69   77.83   -22.54
    4   20     5.00  -230.00    36.03668    34.89923    10.000     4.5928     0.796800017    -4.538899899     3.742100000     0.438600004     0.703899980     1.758000016   20  325.91   57.24   79.00   83.20   173.07    11.08  191.25  281.91   88.39    2.94   12.63   77.02   -25.96
    4   21     5.00  -220.00    36.08965    34.99043    10.000     5.4474     1.003499985    -5.412199974     4.408699989     0.549199998     0.904799998     2.034899950   20  325.53   57.14   78.06   82.47   172.30    12.04  190.97  281.72   88.70    3.07   13.82   75.83   -26.67
    4   22     5.00  -210.00    36.14262    35.08164    10.000     6.2861     1.130699992    -6.251300335     5.120600224     0.630500019     1.169700027     2.226200104   20  324.82   56.72   77.31   81.62   171.41    12.83  190.38  281.18   89.34    3.00   14.97   74.72   -24.30
    4   23     5.00  -200.00    36.19559    35.17285    10.000     6.9167     1.119199991    -6.857500076     5.738299847     0.584599972     1.405900002     2.305299997   20  324.09   56.11   77.58   80.88   170.66    12.58  189.80  280.43   91.48    2.30   15.32   74.50   -19.93
    4   24     5.00  -190.00    36.24856    35.26406    10.000     7.0589     1.030699968    -6.982899666     5.952199936     0.509899974     1.456300020     2.263200045   20  323.71   55.64   78.21   80.80   170.60    11.95  189.44  279.92   92.73    1.80   14.93   74.96   -17.17
    4   25     5.00  -180.00    36.30153    35.35526    10.000     6.7468     0.910200000    -6.660200119     5.750000000     0.440200001     1.374699950     2.129899979   20  323.59   55.40   78.76   80.96   170.78    11.38  189.31  279.70   93.37    1.53   14.41   75.50   -15.63
    4   26     5.00  -170.00    36.35450    35.44647    10.000     5.8708     0.648299992    -5.764699936     5.116399765     0.384400010     1.055999994     1.848199964   20  323.74   55.07   79.96   82.53   172.41    10.12  189.21  279.60   91.13    1.79   12.43   77.44   -13.54
    4   27     5.00  -160.00    36.40747    35.53768    10.000     4.4250     0.486000001    -4.355599880     3.869600058     0.238299996     0.612800002     1.471500039   20  324.45   55.27   82.07   84.17   174.11     7.98  189.73  279.99   91.23    1.47    9.76   80.13   -16.41
    4   28     5.00  -150.00    36.46044    35.62889    10.000     2.5800     0.241899997    -2.525300026     2.283400059     0.210899994     0.063100003     0.911099970   20  325.42  235.36   85.47   89.14  -179.14    -4.53  190.30  280.48   44.69    3.81    2.60   85.39   -18.51
    4   29     5.00  -140.00    36.51341    35.72010    10.000     2.2488     0.258199990    -2.251899958     1.993700027     0.258300006     0.162200004     0.676299989   20  323.83   53.94   82.08   89.19   179.18     7.92  188.61  279.15   59.77    5.01    6.17   82.04   -21.60
    4   30     5.00  -130.00    36.56638    35.81130    10.000     2.5593     0.361699998    -2.584500074     2.222800016     0.226600006     0.534099996     0.611699998   20  321.24   53.14   77.25   81.64   171.43    12.89  186.80  277.62   85.56    3.06   15.00   74.67   -16.52
    4   31     5.00  -120.00    36.61935    35.90251    10.000     2.8572     0.312700003    -2.819900036     2.507200003     0.138899997     0.793299973     0.591199994   20  319.87   52.65   76.88   78.27   167.95    13.41  186.12  276.42   93.11    0.96   17.72   72.25    -3.94
    4   32     5.00  -110.00    36.67233    35.99372    10.000     2.9300     0.372700006    -2.865799904     2.493099928     0.105200000     0.924300015     0.661000013   20   53.73  320.13   75.84   76.03    14.42   165.40    6.95  276.90   97.30    0.13   20.11   69.89    -2.19
    4   33     5.00  -100.00    36.72530    36.08493    10.000     2.6486     0.338099986    -2.574300051     2.236200094     0.085400000     0.834999979     0.663699985   20   54.51  320.92   75.55   76.35    14.11   165.12    7.81  277.60   99.31    0.55   20.08   69.91    -2.38
    4   34     5.00   -90.00    36.77827    36.17613    10.000     2.6215     0.311100006    -2.527300119     2.216200113    -0.155599996     0.787899971     0.731299996   20   54.92  322.13   73.05   80.91     9.51   162.83    9.39  277.57  115.05    5.42   18.53   70.64    -6.26
    4   35     5.00   -80.00    36.83124    36.26734    10.000     2.5344     0.278600007    -2.409399986     2.130800009    -0.450800002     0.664600015     0.777199984   20   54.79  323.70   71.05   86.82     3.37   161.02   10.77  277.66  134.52   10.97   15.60   70.77   -16.90
    4   36     5.00   -70.00    36.88421    36.35855    10.000     2.2546     0.267399997    -2.110199928     1.842800021    -0.632099986     0.491100013     0.767199993   20   54.88  145.50   70.62   88.22    -1.88  -160.61   11.87  278.55  150.54   14.87   12.28   70.53   -30.83
    4   37     5.00   -60.00    36.93718    36.44976    10.000     1.6652     0.200499997    -1.529500008     1.328999996    -0.594399989     0.260699987     0.622699976   20   55.29  147.53   73.07   82.70    -7.63  -162.92   12.49  280.41  169.99   17.20    6.67   71.47   -41.11
    4   38     5.00   -50.00    36.99015    36.54096    10.000     0.9532     0.084100001    -0.827499986     0.743399978    -0.409000009     0.049400002     0.393799990   20  150.21   56.93   73.35   79.16  -168.68   -16.96   12.82  104.24  205.28   19.60    3.99   69.96   -42.51
    4   39     5.00   -40.00    37.04312    36.63217    10.000     0.4227     0.030800000    -0.335500002     0.304699987    -0.211099997    -0.016500000     0.192800000   20  152.80   60.17   64.33   84.54  -173.94   -25.80   13.51  109.20  229.03   21.94   13.83   63.67   -39.69
    4   40     5.00   -30.00    37.09609    36.72338    10.000     0.7178     0.132499993    -0.724600017     0.592100024     0.239999995    -0.083600000     0.178299993   20  231.45  323.00   74.86   84.31    -5.90  -164.78  188.12   96.38  343.02   14.76    6.58   73.78   -47.23
    4   41     5.00   -20.00    37.14906    36.81459    10.000     1.6148     0.300999999    -1.675500035     1.374500036     0.423299998    -0.183899999     0.326499999   20  230.39  321.15   76.33   86.90    -3.19  -166.31  186.56   95.00  333.67   11.85    7.40   75.97   -41.66
    4   42     5.00   -10.00    37.20203    36.90579    10.000     2.5009     0.426800013    -2.621400118     2.194600105     0.509000003    -0.153999999     0.478599995   20  230.21  320.87   81.03   85.80    -4.25  -171.01  185.82   95.26  345.69    9.32    3.35   80.09   -36.77
    4   43     5.00     0.00    37.25500    36.99700    10.000     3.0759     0.338900000    -3.174400091     2.835500002     0.408300012    -0.107699998     0.527100027   20  229.78  320.13   84.19   86.51    -3.51  -174.18  185.05   94.86  350.97    6.58    1.64   83.22   -23.55
    4   44     5.00    10.00    37.30797    37.08821    10.000     3.1615     0.275900006    -3.247399807     2.971499920     0.204999998    -0.005500000     0.537599981   20  319.95  229.86   87.51   87.87  -177.86    -2.49  184.90  274.91    9.32    3.27    0.25   86.72   -17.40
    4   45     5.00    20.00    37.36094    37.17942    10.000     2.6371     0.337000012    -2.746099949     2.409100056     0.117700003    -0.005300000     0.546500027   20  321.01  230.97   88.35   88.62  -178.62    -1.65  185.98  275.99   11.02    2.14    0.19   87.85   -24.32
    4   46     5.00    30.00    37.41391    37.27063    10.000     1.5322     0.364100009    -1.645599961     1.281499982     0.067900002     0.035799999     0.446900010   20  323.49   53.52   86.93   89.34   179.34     3.07  188.46  278.54   65.64    1.71    2.64   86.86   -42.45
    5    1    10.00  -420.00    35.03024    33.16628     5.000     0.6311     0.154899999    -0.614899993     0.460000008     0.276899993     0.073299997     0.190300003   20  325.58   56.73   63.51   87.70   177.43    26.52  188.07  284.37   61.34   16.68   20.11   63.39   -52.15
    5    2    10.00  -410.00    35.08321    33.25749     5.000     1.2517     0.273499995    -1.235100031     0.961600006     0.452600002     0.176200002     0.368099988   20  324.55   55.67   66.86   87.40   177.17    23.16  187.78  282.53   61.72   14.23   18.06   66.70   -42.68
    5    3    10.00  -400.00    35.13618    33.34870     5.000     1.8625     0.422699988    -1.872299910     1.449599981     0.545799971     0.291500002     0.560199976   20  324.07   55.74   69.21   85.61   175.31    20.85  188.12  281.81   67.10   11.36   17.76   68.71   -38.86
    5    4    10.00  -390.00    35.18915    33.43990     5.000     2.5271     0.601700008    -2.558500051     1.956799984     0.592899978     0.479299992     0.780499995   20  323.65   56.28   70.12   82.76   172.29    20.04  188.50  281.57   75.35    8.70   19.24   68.74   -34.67
    5    5    10.00  -380.00    35.24212    33.53111     5.000     2.9418     0.628499985    -2.961999893     2.333499908     0.582599998     0.558499992     0.933399975   20  323.84   56.15   72.24   82.82   172.46    17.91  188.87  281.22   77.29    7.32   17.70   70.75   -30.35
    5    6    10.00  -370.00    35.29509    33.62232     5.000     3.4094     0.734099984    -3.429599762     2.695499897     0.546899974     0.684400022     1.131800056   20  324.06   56.63   73.43   81.43   171.06    16.76  189.49  281.28   82.94    5.53   17.88   71.23   -28.65
    5    7    10.00  -360.00    35.34806    33.71353     5.000     3.5771     0.666700006    -3.560999870     2.894299984     0.441300005     0.684899986     1.244699955   20  324.62   56.69   75.98   81.76   171.50    14.17  190.11  281.25   86.28    4.01   15.83   73.65   -24.88
    5    8    10.00  -350.00    35.40103    33.80473     5.000     3.8983     0.653100014    -3.853199959     3.200099945     0.328299999     0.769400001     1.372799993   20  324.70   56.67   77.77   80.95   170.74    12.38  190.40  280.99   92.29    2.21   15.13   74.70   -21.33
    5    9    10.00  -340.00    35.45400    33.89594     5.000     3.6431     0.650500000    -3.600300074     2.949800014     0.390899986     0.609700024     1.375200033   20  325.68   57.27   77.82   82.64   172.47    12.28  191.07  281.90   87.75    3.36   13.87   75.72   -25.65
    5   10    10.00  -330.00    35.50697    33.98715     5.000     3.7126     0.751699984    -3.681299925     2.929600000     0.465799987     0.691200018     1.402500033   20  325.54   57.70   75.87   81.51   171.25    14.29  191.08  282.21   87.79    3.91   16.08   73.42   -27.65
    5   11    10.00  -320.00    35.55994    34.07836     5.000     3.7332     0.664600015    -3.666299820     3.001699924     0.471500009     0.820400000     1.310799956   20  324.56   57.10   74.92   80.64   170.30    15.29  190.24  281.48   87.85    3.96   17.40   72.13   -20.63
    5   12    10.00  -310.00    35.61292    34.16957     5.000     3.5506     0.564499974    -3.472799778     2.908299923     0.483799994     0.789699972     1.187700033   20  324.11   56.51   74.66   81.32   171.00    15.52  189.63  281.05   85.02    4.61   17.09   72.26   -17.57
    5   13    10.00  -300.00    35.66589    34.26077     5.000     3.3614     0.531199992    -3.282999992     2.751800060     0.531899989     0.728299975     1.116899967   20  324.14   56.42   73.89   82.14   171.81    16.27  189.44  281.19   81.54    5.71   17.03   71.98   -18.30
    5   14    10.00  -290.00    35.71886    34.35198     5.000     3.2698     0.461199999    -3.182399988     2.721199989     0.458700001     0.731800020     1.058200002   20  323.82   56.07   74.68   81.85   171.55    15.49  189.23  280.72   83.17    4.97   16.69   72.55   -14.72
    5   15    10.00  -280.00    35.77183    34.44319     5.000     3.3595     0.431899995    -3.271600008     2.839699984     0.345600009     0.789399981     1.046700001   20  323.34   55.65   76.11   80.72   170.44    14.08  189.04  279.99   88.39    3.20   16.49   73.19   -11.36
    5   16    10.00  -270.00    35.82480    34.53440     5.000     3.6603     0.541299999    -3.598999977     3.057699919     0.390799999     0.894299984     1.094099998   20  322.83   55.47   75.25   80.07   169.73    14.98  188.65  279.71   88.28    3.33   17.58   72.09   -13.53
    5   17    10.00  -260.00    35.87777    34.62560     5.000     3.8871     0.584800005    -3.838799953     3.253999949     0.445300013     0.844699979     1.204800010   20  323.36   55.55   75.87   81.36   171.09    14.30  188.92  280.03   86.07    3.81   16.19   73.34   -16.84
    5   18    10.00  -250.00    35.93074    34.71681     5.000     3.8011     0.583700001    -3.753599882     3.169899940     0.502399981     0.631900012     1.306300044   20  324.74   56.13   77.08   83.95   173.79    12.99  189.88  281.03   80.68    4.80   13.45   75.69   -22.14
    5   19    10.00  -240.00    35.98371    34.80802     5.000     4.2166     0.607299984    -4.130899906     3.523600101     0.412499994     0.630800009     1.568099976   20  325.64   56.76   79.41   84.03   173.93    10.65  190.87  281.54   85.70    3.24   11.74   77.81   -21.46
    5   20    10.00  -230.00    36.03668    34.89923     5.000     4.9987     0.858600020    -4.936100006     4.077499866     0.478100002     0.755800009     1.918400049   20  325.95   57.24   79.10   83.34   173.22    10.97  191.28  281.93   88.12    2.96   12.46   77.18   -25.84
    5   21    10.00  -220.00    36.08965    34.99043     5.000     5.9175     1.105900049    -5.884900093     4.778999805     0.580999970     0.988900006     2.214699984   20  325.54   57.17   78.10   82.30   172.13    12.01  191.00  281.73   89.36    2.93   13.92   75.76   -27.00
    5   22    10.00  -210.00    36.14262    35.08164     5.000     6.8081     1.259199977    -6.779700279     5.520500183     0.696799994     1.266299963     2.423099995   20  324.86   56.81   77.15   81.55   171.33    13.00  190.43  281.26   89.28    3.06   15.14   74.54   -25.09
    5   23    10.00  -200.00    36.19559    35.17285     5.000     7.4973     1.248499990    -7.442100048     6.193600178     0.669399977     1.508900046     2.518399954   20  324.18   56.21   77.38   80.99   170.76    12.78  189.86  280.55   90.83    2.51   15.38   74.40   -20.85
    5   24    10.00  -190.00    36.24856    35.26406     5.000     7.6487     1.129899979    -7.566800117     6.436900139     0.553699970     1.623700023     2.432399988   20  323.59   55.63   77.95   80.50   170.28    12.22  189.38  279.86   92.95    1.77   15.33   74.56   -16.89
    5   25    10.00  -180.00    36.30153    35.35526     5.000     7.2761     0.997399986    -7.192899704     6.195499897     0.456999987     1.465199947     2.304500103   20  323.63   55.41   78.92   80.97   170.79    11.22  189.35  279.71   93.78    1.42   14.29   75.63   -16.22
    5   26    10.00  -170.00    36.35450    35.44647     5.000     6.2933     0.686900020    -6.175800323     5.488900185     0.414299995     1.131399989     1.981099963   20  323.74   55.06   79.97   82.56   172.45    10.12  189.21  279.61   91.02    1.81   12.40   77.47   -13.33
    5   27    10.00  -160.00    36.40747    35.53768     5.000     4.6971     0.487100005    -4.608700275     4.121600151     0.241300002     0.611999989     1.584300041   20  324.63   55.34   82.56   84.57   174.52     7.48  189.88  280.10   91.14    1.41    9.12   80.77   -15.82
    5   28    10.00  -150.00    36.46044    35.62889     5.000     2.7721     0.228699997    -2.696899891     2.468199968     0.223600000     0.052099999     0.982800007   20  325.47  235.38   85.73   88.81  -178.80    -4.27  190.35  280.50   39.81    3.86    2.17   85.57   -16.56
    5   29    10.00  -140.00    36.51341    35.72010     5.000     2.4451     0.261799991    -2.439399958     2.177599907     0.303900003     0.173800007     0.726800025   20  323.76   53.82   81.75   89.59   179.59     8.25  188.49  279.08   56.64    5.53    6.11   81.74   -20.56
    5   30    10.00  -130.00    36.56638    35.81130     5.000     2.7513     0.363200009    -2.770400047     2.407200098     0.240700006     0.573099971     0.646000028   20  321.14   52.97   77.43   81.84   171.64    12.70  186.66  277.47   85.18    3.07   14.73   74.94   -15.04
    5   31    10.00  -120.00    36.61935    35.90251     5.000     3.0987     0.365900010    -3.069900036     2.703999996     0.143700004     0.860700011     0.641200006   20  319.84   52.69   76.81   78.02   167.69    13.48  186.14  276.41   93.58    0.83   17.94   72.03    -5.38
    5   32    10.00  -110.00    36.67233    35.99372     5.000     3.1732     0.395399988    -3.099300146     2.703900099     0.092699997     1.016800046     0.700500011   20   53.61  319.96   75.50   76.19    14.28   165.05    6.87  276.69   98.15    0.47   20.24   69.75    -1.21
    5   33    10.00  -100.00    36.72530    36.08493     5.000     2.8095     0.370599985    -2.738300085     2.367700100     0.138200000     0.860000014     0.718500018   20  321.11   54.62   75.84   76.36   165.93    14.58  187.80  277.93   96.80    0.36   19.86   70.14    -3.96
    5   34    10.00   -90.00    36.77827    36.17613     5.000     2.8365     0.313100010    -2.721700191     2.408600092    -0.187900007     0.854399979     0.794300020   20   54.90  322.23   72.90   81.37     9.03   162.70    9.49  277.55  116.50    5.84   18.30   70.72    -5.22
    5   35    10.00   -80.00    36.83124    36.26734     5.000     2.7440     0.289900005    -2.601099968     2.311199903    -0.499100000     0.728100002     0.833599985   20   54.70  323.64   70.79   86.95     3.23   160.77   10.74  277.54  134.96   11.24   15.68   70.53   -16.25
    5   36    10.00   -70.00    36.88421    36.35855     5.000     2.4633     0.287000000    -2.309299946     2.022300005    -0.671899974     0.563300014     0.810999990   20   54.66  145.04   70.12   88.93    -1.14  -160.12   11.62  278.11  148.00   14.69   13.13   70.09   -29.01
    5   37    10.00   -60.00    36.93718    36.44976     5.000     1.8351     0.212699994    -1.697100043     1.484400034    -0.623700023     0.312700003     0.655600011   20   54.85  146.76   72.30   84.04    -6.26  -162.20   12.08  279.61  164.68   16.76    8.14   71.26   -38.31
    5   38    10.00   -50.00    36.99015    36.54096     5.000     0.9911     0.077200003    -0.851800025     0.774600029    -0.439300001     0.052000001     0.403499991   20  150.25   56.70   72.74   78.75  -168.21   -17.60   12.66  104.19  205.12   20.35    4.12   69.21   -42.66
    5   39    10.00   -40.00    37.04312    36.63217     5.000     0.3799    -0.025599999    -0.223499998     0.249100000    -0.244599998    -0.058699999     0.163399994   20  156.05   61.64   50.42   84.68  -173.09   -39.79   11.01  115.57  235.28   31.07   22.64   49.92   -25.17
    5   40    10.00   -30.00    37.09609    36.72338     5.000     0.8509     0.133399993    -0.860999942     0.727599978     0.253399998    -0.071800001     0.195999995   20  231.03  322.50   77.57   83.33    -6.83  -167.49  187.26   96.29  350.12   13.55    4.02   75.85   -40.79
    5   41    10.00   -20.00    37.14906    36.81459     5.000     1.7712     0.296499997    -1.817199945     1.520699978     0.480300009    -0.199800000     0.358700007   20  230.34  321.28   76.20   86.18    -3.94  -166.17  186.60   95.05  336.43   12.47    6.98   75.66   -39.54
    5   42    10.00   -10.00    37.20203    36.90579     5.000     2.7389     0.371899992    -2.829100132     2.457200050     0.548600018    -0.153099999     0.496499985   20  229.90  320.62   81.28   85.27    -4.79  -171.25  185.50   95.03  348.83    9.53    2.80   80.06   -31.05
    5   43    10.00     0.00    37.25500    36.99700     5.000     3.3616     0.266000003    -3.424900055     3.158900023     0.426099986    -0.123199999     0.536400020   20  229.44  319.79   84.14   86.60    -3.41  -174.12  184.71   94.51  349.72    6.55    1.74   83.22   -17.81
    5   44    10.00    10.00    37.30797    37.08821     5.000     3.4520     0.231399998    -3.514899969     3.283499956     0.217600003    -0.056200001     0.561600029   20  229.64  319.73   87.14   88.15    -1.86  -177.14  184.71   94.67  352.68    3.33    0.71   86.59   -13.64
    5   45    10.00    20.00    37.36094    37.17942     5.000     2.9021     0.312099993    -2.992799997     2.680700064     0.074000001    -0.048599999     0.606599987   20  231.03  321.04   88.38   89.73    -0.27  -178.38  186.04   96.02  330.50    1.34    0.96   88.36   -20.48
    5   46    10.00    30.00    37.41391    37.27063     5.000     1.6729     0.384999990    -1.785200000     1.400200009     0.101899996     0.042399999     0.500400007   20  323.73   53.76   86.18   89.57   179.57     3.82  188.68  278.81   60.14    2.40    3.01   86.15   -41.37
